# 60000 /scratch/04709/vantaj94/Reports_2020-02-17/VS2_Tar5_LR30_Sd2.report
# Layered model 57171: value=0.0397348
5
0.72190483137095540211 231.51707755448666148 97.20830597214859381 2000
2.7468349640443001647 250.69981989729214433 99.162192922188779676 2000
0.7353004049847440271 255.73888627722772071 101.15535299992477292 2000
9.7337193769911305452 327.96773013199066327 187.46234461337320454 2000
0 1126.3710070503418592 376.19256612362960368 2000
# Layered model 59211: value=0.0441342
5
0.74377926966632679218 187.85994128557456406 99.162192922188779676 2000
2.9751792922588071733 231.51707755448666148 100.1538148514106723 2000
0.56958284650290558204 248.21764346266547818 112.85582543777255182 2000
9.2393107215719609826 324.72052488315904384 189.33696805950694397 2000
0 1149.0110642920537884 376.19256612362960368 2000
# Layered model 55557: value=0.0445451
5
0.75121706236299001791 197.44268630233477779 99.162192922188779676 2000
3.0424925666568389815 211.68528399970762166 100.1538148514106723 2000
0.45237097338417076031 240.9175992866797742 113.98438369215026 2000
9.4170500488960016128 334.55988150764369493 193.14264111750304664 2000
0 1082.4203983706943291 376.19256612362960368 2000
# Layered model 59521: value=0.0453892
5
0.74377926966632679218 191.63592610541462591 99.162192922188779676 2000
3.0499303593535023182 236.17057081333183532 100.1538148514106723 2000
0.49483177940821043705 243.32677527954658103 112.85582543777255182 2000
9.2393107215719609826 324.72052488315904384 189.33696805950694397 2000
0 1160.501174934974415 376.19256612362960368 2000
# Layered model 58815: value=0.045779
5
0.74377926966632679218 191.63592610541462591 99.162192922188779676 2000
2.9751792922588071733 226.95527649689896066 100.1538148514106723 2000
0.5271220404788659053 263.4880302703139705 110.63211982920552146 2000
9.2817715275960015475 324.72052488315904384 189.33696805950694397 2000
0 1195.665521036679138 376.19256612362960368 2000
# Layered model 49606: value=0.0472025
5
0.73641511848151164354 191.63592610541462591 99.162192922188779676 2000
2.9825434434436219888 231.51707755448666148 100.1538148514106723 2000
0.56958284650290558204 240.9175992866797742 112.85582543777255182 2000
9.2393107215719609826 324.72052488315904384 189.33696805950694397 2000
0 1160.501174934974415 376.19256612362960368 2000
# Layered model 58040: value=0.0478637
5
0.76631652531648608573 189.73854069843031311 99.162192922188779676 2000
2.915820664708398624 220.28055538808459346 100.1538148514106723 2000
0.56394341237911493891 233.83224833003146159 112.85582543777255182 2000
9.2817715275960015475 331.24740743331057047 191.23033774010201569 2000
0 1082.4203983706943291 376.19256612362960368 2000
# Layered model 59850: value=0.0480001
5
0.75872923298661987257 191.63592610541462591 99.162192922188779676 2000
2.88695115317663209 209.58939009872042902 100.1538148514106723 2000
0.60040021624074757511 238.5322765214651497 112.85582543777255182 2000
9.2817715275960015475 334.55988150764369493 193.14264111750304664 2000
0 1050.5865745745122695 376.19256612362960368 2000
# Layered model 57968: value=0.0484475
5
0.72912387968466496613 205.45965111138164616 97.20830597214859381 2000
2.5385859169229285648 226.95527649689896066 100.1538148514106723 2000
0.93633040379240606299 248.21764346266547818 102.16690652992402022 2000
9.5957217574130009297 331.24740743331057047 189.33696805950694397 2000
0 1104.1770483779453116 376.19256612362960368 2000
# Layered model 59637: value=0.0488392
5
0.74377926966632679218 195.48780822013344505 99.162192922188779676 2000
3.0878674556437006871 233.83224833003146159 100.1538148514106723 2000
0.41443387709397239149 245.76004303234205395 111.73844102749757212 2000
9.2817715275960015475 324.72052488315904384 189.33696805950694397 2000
0 1082.4203983706943291 376.19256612362960368 2000
# Layered model 58632: value=0.0497961
5
0.73641511848151164354 238.5322765214651497 97.20830597214859381 2000
2.7323246769337439233 245.76004303234205395 99.162192922188779676 2000
0.77734080698874397086 271.47198107553475666 104.22046135117548715 2000
9.6916789749871306014 327.96773013199066327 187.46234461337320454 2000
0 1115.2188188617246851 376.19256612362960368 2000
# Layered model 59738: value=0.0504213
5
0.72190483137095540211 226.95527649689896066 97.20830597214859381 2000
2.3564256127167206856 245.76004303234205395 99.162192922188779676 2000
1.1257097563123235062 260.87923789139995279 101.15535299992477292 2000
9.7337193769911305452 327.96773013199066327 187.46234461337320454 2000
0 1195.665521036679138 376.19256612362960368 2000
# Layered model 59002: value=0.0506961
5
0.73641511848151164354 195.48780822013344505 99.162192922188779676 2000
3.0952316068285155026 236.17057081333183532 100.1538148514106723 2000
0.45689468311801206823 240.9175992866797742 115.12422752907177426 2000
9.2393107215719609826 324.72052488315904384 189.33696805950694397 2000
0 1160.501174934974415 376.19256612362960368 2000
# Layered model 59963: value=0.0514256
5
0.72190483137095540211 203.4253971399818397 97.20830597214859381 2000
2.6114859321484504839 226.95527649689896066 100.1538148514106723 2000
0.87064943688059370785 255.73888627722772071 102.16690652992402022 2000
9.5957217574130009297 331.24740743331057047 189.33696805950694397 2000
0 1126.3710070503418592 376.19256612362960368 2000
# Layered model 59804: value=0.0519429
5
0.75121706236299001791 187.85994128557456406 99.162192922188779676 2000
3.0804296629470373503 236.17057081333183532 100.1538148514106723 2000
0.45689468311801206823 243.32677527954658103 118.61260674743017773 2000
9.2393107215719609826 324.72052488315904384 189.33696805950694397 2000
0 1183.8272485511674859 376.19256612362960368 2000
# Layered model 57238: value=0.0519521
5
0.76631652531648608573 207.51424762249547484 97.20830597214859381 2000
2.4052904095574909604 215.94015820810176365 100.1538148514106723 2000
0.99080910512602304863 231.51707755448666148 101.15535299992477292 2000
9.6373459178130005398 334.55988150764369493 191.23033774010201569 2000
0 1061.0924403202573103 376.19256612362960368 2000
# Layered model 59153: value=0.0521272
5
0.74377926966632679218 201.41128429701171854 97.20830597214859381 2000
2.4915769645986172165 205.45965111138164616 100.1538148514106723 2000
1.010724368139055418 276.92856789515303717 104.22046135117548715 2000
9.4170500488960016128 331.24740743331057047 191.23033774010201569 2000
0 1082.4203983706943291 376.19256612362960368 2000
# Layered model 59650: value=0.0522691
5
0.74377926966632679218 195.48780822013344505 99.162192922188779676 2000
3.1261839228968009152 226.95527649689896066 100.1538148514106723 2000
0.37611740984087216333 243.32677527954658103 113.98438369215026 2000
9.4170500488960016128 327.96773013199066327 191.23033774010201569 2000
0 1137.6347171208453801 376.19256612362960368 2000
# Layered model 59609: value=0.0527622
5
0.73641511848151164354 187.85994128557456406 99.162192922188779676 2000
3.1722477060072469257 238.5322765214651497 100.1538148514106723 2000
0.37987858393928064515 255.73888627722772071 116.27546980436250124 2000
9.3745892428719628242 324.72052488315904384 189.33696805950694397 2000
0 1160.501174934974415 376.19256612362960368 2000
# Layered model 59840: value=0.0527972
5
0.72190483137095540211 231.51707755448666148 97.20830597214859381 2000
2.2957703417372457011 240.9175992866797742 99.162192922188779676 2000
1.1863650272917984907 248.21764346266547818 100.1538148514106723 2000
9.7337193769911305452 327.96773013199066327 189.33696805950694397 2000
0 1219.6983980095162678 376.19256612362960368 2000
# Layered model 59348: value=0.0533541
5
0.73641511848151164354 222.48336094196545787 97.20830597214859381 2000
2.4989411157834324761 226.95527649689896066 99.162192922188779676 2000
0.92705980573505586406 255.73888627722772071 101.15535299992477292 2000
9.5007146113000011667 327.96773013199066327 187.46234461337320454 2000
0 1050.5865745745122695 376.19256612362960368 2000
# Layered model 56909: value=0.0537726
5
0.72912387968466496613 187.85994128557456406 99.162192922188779676 2000
2.9530133103402196326 218.09955979018278072 100.1538148514106723 2000
0.60640421840315461566 240.9175992866797742 113.98438369215026 2000
9.3745892428719628242 331.24740743331057047 193.14264111750304664 2000
0 1149.0110642920537884 376.19256612362960368 2000
# Layered model 58002: value=0.0539011
5
0.73641511848151164354 187.85994128557456406 99.162192922188779676 2000
2.9825434434436219888 233.83224833003146159 100.1538148514106723 2000
0.5271220404788659053 243.32677527954658103 111.73844102749757212 2000
9.2817715275960015475 324.72052488315904384 189.33696805950694397 2000
0 1183.8272485511674859 376.19256612362960368 2000
# Layered model 56020: value=0.0540726
5
0.75121706236299001791 191.63592610541462591 99.162192922188779676 2000
2.8944633238002621667 226.95527649689896066 100.1538148514106723 2000
0.64286102226478725186 253.20681809626509562 111.73844102749757212 2000
9.2393107215719609826 324.72052488315904384 189.33696805950694397 2000
0 1115.2188188617246851 376.19256612362960368 2000
# Layered model 59624: value=0.0543076
5
0.72190483137095540211 191.63592610541462591 99.162192922188779676 2000
2.9602323586539291966 233.83224833003146159 100.1538148514106723 2000
0.60640421840315461566 238.5322765214651497 113.98438369215026 2000
9.2393107215719609826 324.72052488315904384 189.33696805950694397 2000
0 1115.2188188617246851 376.19256612362960368 2000
# Layered model 59025: value=0.0543402
5
0.73641511848151164354 203.4253971399818397 97.20830597214859381 2000
2.5312946781260818874 224.70819455138510534 100.1538148514106723 2000
0.93633040379240606299 263.4880302703139705 102.16690652992402022 2000
9.5957217574130009297 331.24740743331057047 189.33696805950694397 2000
0 1082.4203983706943291 376.19256612362960368 2000
# Layered model 57346: value=0.0545517
5
0.71475725878312412753 233.83224833003146159 97.20830597214859381 2000
2.3635731853045518491 245.76004303234205395 99.162192922188779676 2000
1.1257097563123235062 250.69981989729214433 101.15535299992477292 2000
9.7337193769911305452 327.96773013199066327 187.46234461337320454 2000
0 1207.6221762470458998 376.19256612362960368 2000
# Layered model 59432: value=0.0547546
5
0.73641511848151164354 209.58939009872042902 97.20830597214859381 2000
2.4351918163924652916 222.48336094196545787 100.1538148514106723 2000
1.0324332655260226588 253.20681809626509562 102.16690652992402022 2000
9.5957217574130009297 331.24740743331057047 189.33696805950694397 2000
0 1104.1770483779453116 376.19256612362960368 2000
# Layered model 57140: value=0.0548041
5
0.71475725878312412753 199.41711316535813125 97.20830597214859381 2000
2.7886699345862844268 215.94015820810176365 100.1538148514106723 2000
0.74265340903459131638 253.20681809626509562 106.31529262433411986 2000
9.4170500488960016128 331.24740743331057047 191.23033774010201569 2000
0 1061.0924403202573103 376.19256612362960368 2000
# Layered model 59721: value=0.054986
5
0.73641511848151164354 238.5322765214651497 97.20830597214859381 2000
2.8020463468215908165 243.32677527954658103 99.162192922188779676 2000
0.62395457469689752372 271.47198107553475666 100.1538148514106723 2000
9.7753435373911301554 327.96773013199066327 187.46234461337320454 2000
0 1126.3710070503418592 376.19256612362960368 2000
# Layered model 59691: value=0.0550541
5
0.73641511848151164354 201.41128429701171854 97.20830597214859381 2000
2.5969756450378942425 207.51424762249547484 100.1538148514106723 2000
0.91268983888459365161 258.29627513999997745 106.31529262433411986 2000
9.4170500488960016128 334.55988150764369493 191.23033774010201569 2000
0 1040.1847273014973325 376.19256612362960368 2000
# Layered model 59557: value=0.0551258
5
0.72912387968466496613 205.45965111138164616 97.20830597214859381 2000
2.6376007914699348689 207.51424762249547484 100.1538148514106723 2000
0.87935593124939970266 258.29627513999997745 106.31529262433411986 2000
9.4170500488960016128 334.55988150764369493 191.23033774010201569 2000
0 1040.1847273014973325 376.19256612362960368 2000
# Layered model 59866: value=0.0552289
5
0.75872923298661987257 205.45965111138164616 97.20830597214859381 2000
2.6416626848795261573 207.51424762249547484 100.1538148514106723 2000
0.84568868453785350781 260.87923789139995279 106.31529262433411986 2000
9.4170500488960016128 334.55988150764369493 191.23033774010201569 2000
0 1040.1847273014973325 376.19256612362960368 2000
# Layered model 57710: value=0.055239
5
0.70067371707001668835 197.44268630233477779 97.20830597214859381 2000
2.4084400314585363567 231.51707755448666148 100.1538148514106723 2000
1.0949264518714465488 248.21764346266547818 101.15535299992477292 2000
9.5957217574130009297 331.24740743331057047 189.33696805950694397 2000
0 1104.1770483779453116 376.19256612362960368 2000
# Layered model 59174: value=0.0552949
5
0.73641511848151164354 199.41711316535813125 97.20830597214859381 2000
2.5969756450378942425 205.45965111138164616 100.1538148514106723 2000
0.91268983888459365161 268.78413967874729451 106.31529262433411986 2000
9.4170500488960016128 334.55988150764369493 191.23033774010201569 2000
0 1040.1847273014973325 376.19256612362960368 2000
# Layered model 59846: value=0.055374
5
0.73641511848151164354 201.41128429701171854 97.20830597214859381 2000
2.6303095526730881915 207.51424762249547484 100.1538148514106723 2000
0.87935593124939970266 258.29627513999997745 106.31529262433411986 2000
9.4170500488960016128 334.55988150764369493 191.23033774010201569 2000
0 1040.1847273014973325 376.19256612362960368 2000
# Layered model 59456: value=0.0556033
5
0.75872923298661987257 205.45965111138164616 97.20830597214859381 2000
2.6416626848795261573 207.51424762249547484 100.1538148514106723 2000
0.84568868453785350781 260.87923789139995279 106.31529262433411986 2000
9.4170500488960016128 334.55988150764369493 191.23033774010201569 2000
0 1029.8858686153439521 376.19256612362960368 2000
# Layered model 59878: value=0.0556399
5
0.73641511848151164354 201.41128429701171854 97.20830597214859381 2000
2.5969756450378942425 207.51424762249547484 100.1538148514106723 2000
0.91268983888459365161 255.73888627722772071 106.31529262433411986 2000
9.4170500488960016128 334.55988150764369493 191.23033774010201569 2000
0 1050.5865745745122695 376.19256612362960368 2000
# Layered model 59583: value=0.0557537
5
0.75121706236299001791 187.85994128557456406 99.162192922188779676 2000
2.8944633238002621667 209.58939009872042902 100.1538148514106723 2000
0.60040021624074757511 236.17057081333183532 113.98438369215026 2000
9.2817715275960015475 334.55988150764369493 193.14264111750304664 2000
0 1104.1770483779453116 376.19256612362960368 2000
# Layered model 59768: value=0.0557928
5
0.75872923298661987257 203.4253971399818397 97.20830597214859381 2000
2.6079954381679799624 207.51424762249547484 100.1538148514106723 2000
0.87935593124939970266 260.87923789139995279 106.31529262433411986 2000
9.4170500488960016128 334.55988150764369493 191.23033774010201569 2000
0 1029.8858686153439521 376.19256612362960368 2000
# Layered model 59853: value=0.0558387
5
0.75872923298661987257 203.4253971399818397 97.20830597214859381 2000
2.6079954381679799624 207.51424762249547484 100.1538148514106723 2000
0.87935593124939970266 258.29627513999997745 106.31529262433411986 2000
9.4170500488960016128 334.55988150764369493 191.23033774010201569 2000
0 1050.5865745745122695 376.19256612362960368 2000
# Layered model 59757: value=0.0559506
5
0.75872923298661987257 205.45965111138164616 97.20830597214859381 2000
2.6079954381679799624 207.51424762249547484 100.1538148514106723 2000
0.87935593124939970266 258.29627513999997745 106.31529262433411986 2000
9.4170500488960016128 334.55988150764369493 191.23033774010201569 2000
0 1040.1847273014973325 376.19256612362960368 2000
# Layered model 57407: value=0.0560687
5
0.73641511848151164354 189.73854069843031311 99.162192922188779676 2000
3.0197330290628734417 224.70819455138510534 100.1538148514106723 2000
0.53239326088365412915 236.17057081333183532 112.85582543777255182 2000
9.2393107215719609826 327.96773013199066327 191.23033774010201569 2000
0 1149.0110642920537884 376.19256612362960368 2000
# Layered model 59999: value=0.0561856
5
0.75872923298661987257 203.4253971399818397 97.20830597214859381 2000
2.6416626848795261573 209.58939009872042902 100.1538148514106723 2000
0.84568868453785350781 255.73888627722772071 106.31529262433411986 2000
9.4170500488960016128 334.55988150764369493 191.23033774010201569 2000
0 1040.1847273014973325 376.19256612362960368 2000
# Layered model 59270: value=0.0562304
5
0.74377926966632679218 203.4253971399818397 97.20830597214859381 2000
2.6229454014882733759 209.58939009872042902 100.1538148514106723 2000
0.87935593124939970266 250.69981989729214433 106.31529262433411986 2000
9.4170500488960016128 334.55988150764369493 191.23033774010201569 2000
0 1040.1847273014973325 376.19256612362960368 2000
# Layered model 59956: value=0.0562735
5
0.74377926966632679218 203.4253971399818397 97.20830597214859381 2000
2.6566126481998191267 209.58939009872042902 100.1538148514106723 2000
0.84568868453785350781 253.20681809626509562 106.31529262433411986 2000
9.4170500488960016128 334.55988150764369493 191.23033774010201569 2000
0 1050.5865745745122695 376.19256612362960368 2000
# Layered model 59374: value=0.0562791
5
0.75872923298661987257 205.45965111138164616 97.20830597214859381 2000
2.6079954381679799624 207.51424762249547484 100.1538148514106723 2000
0.87935593124939970266 258.29627513999997745 106.31529262433411986 2000
9.4170500488960016128 334.55988150764369493 191.23033774010201569 2000
0 1029.8858686153439521 376.19256612362960368 2000
# Layered model 59295: value=0.0562829
5
0.72912387968466496613 199.41711316535813125 97.20830597214859381 2000
2.571263014889004328 205.45965111138164616 100.1538148514106723 2000
0.94569370783033024352 260.87923789139995279 106.31529262433411986 2000
9.4170500488960016128 334.55988150764369493 191.23033774010201569 2000
0 1061.0924403202573103 376.19256612362960368 2000
# Layered model 59860: value=0.0563338
5
0.75872923298661987257 205.45965111138164616 97.20830597214859381 2000
2.7100105624286356942 209.58939009872042902 100.1538148514106723 2000
0.77734080698874397086 258.29627513999997745 107.37844555057746732 2000
9.4170500488960016128 334.55988150764369493 191.23033774010201569 2000
0 1050.5865745745122695 376.19256612362960368 2000
# Layered model 59790: value=0.056452
5
0.75872923298661987257 203.4253971399818397 97.20830597214859381 2000
2.5089805636209736583 205.45965111138164616 100.1538148514106723 2000
0.97837080579640600675 260.87923789139995279 105.26266596468724401 2000
9.4170500488960016128 334.55988150764369493 191.23033774010201569 2000
0 1040.1847273014973325 376.19256612362960368 2000
# Layered model 59867: value=0.0565137
5
0.75872923298661987257 205.45965111138164616 97.20830597214859381 2000
2.6756666040581875698 209.58939009872042902 100.1538148514106723 2000
0.81168476535919209525 255.73888627722772071 106.31529262433411986 2000
9.4170500488960016128 334.55988150764369493 191.23033774010201569 2000
0 1040.1847273014973325 376.19256612362960368 2000
# Layered model 59303: value=0.0565255
5
0.74377926966632679218 187.85994128557456406 99.162192922188779676 2000
2.9751792922588071733 211.68528399970762166 100.1538148514106723 2000
0.5271220404788659053 266.12291057301712272 111.73844102749757212 2000
9.5536813554090009859 334.55988150764369493 193.14264111750304664 2000
0 1137.6347171208453801 376.19256612362960368 2000
# Layered model 59718: value=0.0565257
5
0.75872923298661987257 203.4253971399818397 97.20830597214859381 2000
2.6756666040581875698 209.58939009872042902 100.1538148514106723 2000
0.81168476535919209525 258.29627513999997745 106.31529262433411986 2000
9.4170500488960016128 334.55988150764369493 191.23033774010201569 2000
0 1040.1847273014973325 376.19256612362960368 2000
# Layered model 58844: value=0.0565583
5
0.72912387968466496613 201.41128429701171854 97.20830597214859381 2000
2.7052719573601424763 205.45965111138164616 100.1538148514106723 2000
0.81168476535919209525 266.12291057301712272 107.37844555057746732 2000
9.4170500488960016128 334.55988150764369493 191.23033774010201569 2000
0 1050.5865745745122695 376.19256612362960368 2000
# Layered model 59513: value=0.0565646
5
0.73641511848151164354 203.4253971399818397 97.20830597214859381 2000
2.5969756450378942425 207.51424762249547484 100.1538148514106723 2000
0.91268983888459365161 253.20681809626509562 106.31529262433411986 2000
9.4170500488960016128 334.55988150764369493 191.23033774010201569 2000
0 1050.5865745745122695 376.19256612362960368 2000
# Layered model 59847: value=0.0565856
5
0.72912387968466496613 205.45965111138164616 97.20830597214859381 2000
2.6376007914699348689 207.51424762249547484 100.1538148514106723 2000
0.87935593124939970266 258.29627513999997745 106.31529262433411986 2000
9.4170500488960016128 334.55988150764369493 191.23033774010201569 2000
0 1061.0924403202573103 376.19256612362960368 2000
# Layered model 59852: value=0.0566189
5
0.75872923298661987257 201.41128429701171854 97.20830597214859381 2000
2.5746615305327860135 205.45965111138164616 100.1538148514106723 2000
0.91268983888459365161 263.4880302703139705 106.31529262433411986 2000
9.4170500488960016128 334.55988150764369493 191.23033774010201569 2000
0 1029.8858686153439521 376.19256612362960368 2000
# Layered model 59654: value=0.0566434
5
0.73641511848151164354 201.41128429701171854 97.20830597214859381 2000
2.5639717760921576506 207.51424762249547484 100.1538148514106723 2000
0.94569370783033024352 253.20681809626509562 106.31529262433411986 2000
9.4170500488960016128 334.55988150764369493 191.23033774010201569 2000
0 1050.5865745745122695 376.19256612362960368 2000
# Layered model 59249: value=0.056681
5
0.72912387968466496613 199.41711316535813125 97.20830597214859381 2000
2.5385859169229285648 205.45965111138164616 100.1538148514106723 2000
0.97837080579640600675 260.87923789139995279 106.31529262433411986 2000
9.4170500488960016128 334.55988150764369493 191.23033774010201569 2000
0 1050.5865745745122695 376.19256612362960368 2000
# Layered model 59981: value=0.0567019
5
0.77397969056965099099 203.4253971399818397 97.20830597214859381 2000
2.592744980584948955 207.51424762249547484 100.1538148514106723 2000
0.87935593124939970266 258.29627513999997745 106.31529262433411986 2000
9.4170500488960016128 334.55988150764369493 191.23033774010201569 2000
0 1050.5865745745122695 376.19256612362960368 2000
# Layered model 57856: value=0.056709
5
0.73641511848151164354 201.41128429701171854 97.20830597214859381 2000
2.5639717760921576506 207.51424762249547484 100.1538148514106723 2000
0.94569370783033024352 255.73888627722772071 106.31529262433411986 2000
9.4170500488960016128 334.55988150764369493 191.23033774010201569 2000
0 1050.5865745745122695 376.19256612362960368 2000
# Layered model 59986: value=0.0567216
5
0.75872923298661987257 205.45965111138164616 97.20830597214859381 2000
2.6416626848795261573 207.51424762249547484 100.1538148514106723 2000
0.84568868453785350781 260.87923789139995279 106.31529262433411986 2000
9.4170500488960016128 334.55988150764369493 191.23033774010201569 2000
0 1019.6889788270731287 376.19256612362960368 2000
# Layered model 59978: value=0.0567588
5
0.75872923298661987257 203.4253971399818397 97.20830597214859381 2000
2.6079954381679799624 207.51424762249547484 100.1538148514106723 2000
0.87935593124939970266 260.87923789139995279 106.31529262433411986 2000
9.4170500488960016128 334.55988150764369493 191.23033774010201569 2000
0 1019.6889788270731287 376.19256612362960368 2000
# Layered model 56676: value=0.0567723
5
0.73641511848151164354 203.4253971399818397 97.20830597214859381 2000
2.7670120748878965777 215.94015820810176365 100.1538148514106723 2000
0.74265340903459131638 263.4880302703139705 106.31529262433411986 2000
9.5536813554090009859 334.55988150764369493 191.23033774010201569 2000
0 1029.8858686153439521 376.19256612362960368 2000
# Layered model 58945: value=0.0567863
5
0.75872923298661987257 203.4253971399818397 97.20830597214859381 2000
2.6079954381679799624 209.58939009872042902 100.1538148514106723 2000
0.87935593124939970266 253.20681809626509562 106.31529262433411986 2000
9.4170500488960016128 334.55988150764369493 191.23033774010201569 2000
0 1029.8858686153439521 376.19256612362960368 2000
# Layered model 58748: value=0.0567872
5
0.75872923298661987257 205.45965111138164616 97.20830597214859381 2000
2.6416626848795261573 209.58939009872042902 100.1538148514106723 2000
0.84568868453785350781 255.73888627722772071 106.31529262433411986 2000
9.4170500488960016128 334.55988150764369493 191.23033774010201569 2000
0 1040.1847273014973325 376.19256612362960368 2000
# Layered model 58972: value=0.0567956
5
0.74377926966632679218 203.4253971399818397 97.20830597214859381 2000
2.5239305269412666277 205.45965111138164616 100.1538148514106723 2000
0.97837080579640600675 263.4880302703139705 105.26266596468724401 2000
9.4170500488960016128 334.55988150764369493 191.23033774010201569 2000
0 1019.6889788270731287 376.19256612362960368 2000
# Layered model 59660: value=0.0568114
5
0.75872923298661987257 205.45965111138164616 97.20830597214859381 2000
2.6416626848795261573 209.58939009872042902 100.1538148514106723 2000
0.84568868453785350781 255.73888627722772071 106.31529262433411986 2000
9.4170500488960016128 334.55988150764369493 191.23033774010201569 2000
0 1029.8858686153439521 376.19256612362960368 2000
# Layered model 59755: value=0.0568171
5
0.74377926966632679218 205.45965111138164616 97.20830597214859381 2000
2.6229454014882733759 209.58939009872042902 100.1538148514106723 2000
0.87935593124939970266 250.69981989729214433 106.31529262433411986 2000
9.4170500488960016128 334.55988150764369493 191.23033774010201569 2000
0 1040.1847273014973325 376.19256612362960368 2000
# Layered model 59271: value=0.0568209
5
0.76631652531648608573 203.4253971399818397 97.20830597214859381 2000
2.5670742382029199113 207.51424762249547484 100.1538148514106723 2000
0.91268983888459365161 255.73888627722772071 106.31529262433411986 2000
9.4170500488960016128 334.55988150764369493 191.23033774010201569 2000
0 1040.1847273014973325 376.19256612362960368 2000
# Layered model 59442: value=0.0568802
5
0.75872923298661987257 205.45965111138164616 97.20830597214859381 2000
2.6079954381679799624 207.51424762249547484 100.1538148514106723 2000
0.87935593124939970266 260.87923789139995279 106.31529262433411986 2000
9.4170500488960016128 334.55988150764369493 191.23033774010201569 2000
0 1029.8858686153439521 376.19256612362960368 2000
# Layered model 58938: value=0.056921
5
0.72912387968466496613 203.4253971399818397 97.20830597214859381 2000
2.7052719573601424763 213.80213683970470129 100.1538148514106723 2000
0.81168476535919209525 271.47198107553475666 105.26266596468724401 2000
9.6916789749871306014 337.90548032272010914 191.23033774010201569 2000
0 1019.6889788270731287 376.19256612362960368 2000
# Layered model 59903: value=0.0569533
5
0.76631652531648608573 203.4253971399818397 97.20830597214859381 2000
2.6004081458381138603 209.58939009872042902 100.1538148514106723 2000
0.87935593124939970266 253.20681809626509562 106.31529262433411986 2000
9.4170500488960016128 334.55988150764369493 191.23033774010201569 2000
0 1040.1847273014973325 376.19256612362960368 2000
# Layered model 58958: value=0.0569539
5
0.75872923298661987257 205.45965111138164616 97.20830597214859381 2000
2.6416626848795261573 207.51424762249547484 100.1538148514106723 2000
0.84568868453785350781 258.29627513999997745 106.31529262433411986 2000
9.4170500488960016128 334.55988150764369493 191.23033774010201569 2000
0 1029.8858686153439521 376.19256612362960368 2000
# Layered model 58403: value=0.0569722
5
0.73641511848151164354 201.41128429701171854 97.20830597214859381 2000
2.5312946781260818874 205.45965111138164616 100.1538148514106723 2000
0.97837080579640600675 258.29627513999997745 106.31529262433411986 2000
9.4170500488960016128 334.55988150764369493 191.23033774010201569 2000
0 1050.5865745745122695 376.19256612362960368 2000
# Layered model 58401: value=0.0570265
5
0.73641511848151164354 229.22482926186793861 97.20830597214859381 2000
2.6303095526730881915 248.21764346266547818 99.162192922188779676 2000
0.83731552924539975891 250.69981989729214433 102.16690652992402022 2000
9.5957217574130009297 327.96773013199066327 187.46234461337320454 2000
0 1040.1847273014973325 376.19256612362960368 2000
# Layered model 59744: value=0.0570336
5
0.75872923298661987257 203.4253971399818397 97.20830597214859381 2000
2.6416626848795261573 205.45965111138164616 100.1538148514106723 2000
0.84568868453785350781 266.12291057301712272 106.31529262433411986 2000
9.4170500488960016128 334.55988150764369493 191.23033774010201569 2000
0 1050.5865745745122695 376.19256612362960368 2000
# Layered model 59813: value=0.0570386
5
0.75872923298661987257 207.51424762249547484 97.20830597214859381 2000
2.6756666040581875698 209.58939009872042902 100.1538148514106723 2000
0.81168476535919209525 255.73888627722772071 106.31529262433411986 2000
9.4170500488960016128 334.55988150764369493 191.23033774010201569 2000
0 1040.1847273014973325 376.19256612362960368 2000
# Layered model 59252: value=0.057065
5
0.72912387968466496613 199.41711316535813125 97.20830597214859381 2000
2.6712680381814810637 209.58939009872042902 100.1538148514106723 2000
0.84568868453785350781 260.87923789139995279 106.31529262433411986 2000
9.4170500488960016128 334.55988150764369493 191.23033774010201569 2000
0 1040.1847273014973325 376.19256612362960368 2000
# Layered model 59580: value=0.0570794
5
0.75872923298661987257 203.4253971399818397 97.20830597214859381 2000
2.6079954381679799624 209.58939009872042902 100.1538148514106723 2000
0.87935593124939970266 253.20681809626509562 106.31529262433411986 2000
9.4170500488960016128 334.55988150764369493 191.23033774010201569 2000
0 1050.5865745745122695 376.19256612362960368 2000
# Layered model 59565: value=0.057144
5
0.75121706236299001791 203.4253971399818397 97.20830597214859381 2000
2.649174855503156234 211.68528399970762166 100.1538148514106723 2000
0.84568868453785350781 248.21764346266547818 106.31529262433411986 2000
9.4170500488960016128 334.55988150764369493 191.23033774010201569 2000
0 1029.8858686153439521 376.19256612362960368 2000
# Layered model 55400: value=0.0571477
5
0.77397969056965099099 203.4253971399818397 97.20830597214859381 2000
2.6604161464751565624 215.94015820810176365 100.1538148514106723 2000
0.76964436335519215149 220.28055538808459346 105.26266596468724401 2000
9.5957217574130009297 337.90548032272010914 193.14264111750304664 2000
0 913.97141621421690161 379.95449178486586561 2000
# Layered model 59908: value=0.0572316
5
0.75872923298661987257 203.4253971399818397 97.20830597214859381 2000
2.6079954381679799624 207.51424762249547484 100.1538148514106723 2000
0.87935593124939970266 255.73888627722772071 106.31529262433411986 2000
9.4170500488960016128 334.55988150764369493 191.23033774010201569 2000
0 1040.1847273014973325 376.19256612362960368 2000
# Layered model 58643: value=0.05724
5
0.77397969056965099099 203.4253971399818397 97.20830597214859381 2000
2.5594110729497550061 207.51424762249547484 100.1538148514106723 2000
0.91268983888459365161 255.73888627722772071 106.31529262433411986 2000
9.4170500488960016128 334.55988150764369493 191.23033774010201569 2000
0 1040.1847273014973325 376.19256612362960368 2000
# Layered model 59559: value=0.0572446
5
0.75872923298661987257 201.41128429701171854 97.20830597214859381 2000
2.6416626848795261573 209.58939009872042902 100.1538148514106723 2000
0.84568868453785350781 255.73888627722772071 106.31529262433411986 2000
9.4170500488960016128 334.55988150764369493 191.23033774010201569 2000
0 1040.1847273014973325 376.19256612362960368 2000
# Layered model 58034: value=0.0572446
5
0.72912387968466496613 199.41711316535813125 97.20830597214859381 2000
2.6376007914699348689 207.51424762249547484 100.1538148514106723 2000
0.87935593124939970266 258.29627513999997745 106.31529262433411986 2000
9.4170500488960016128 334.55988150764369493 191.23033774010201569 2000
0 1050.5865745745122695 376.19256612362960368 2000
# Layered model 59476: value=0.0572752
5
0.75121706236299001791 203.4253971399818397 97.20830597214859381 2000
2.5491698322106794983 207.51424762249547484 100.1538148514106723 2000
0.94569370783033024352 258.29627513999997745 105.26266596468724401 2000
9.4170500488960016128 334.55988150764369493 191.23033774010201569 2000
0 1040.1847273014973325 376.19256612362960368 2000
# Layered model 59155: value=0.0572814
5
0.75872923298661987257 203.4253971399818397 97.20830597214859381 2000
2.6416626848795261573 209.58939009872042902 100.1538148514106723 2000
0.84568868453785350781 253.20681809626509562 106.31529262433411986 2000
9.4170500488960016128 334.55988150764369493 191.23033774010201569 2000
0 1029.8858686153439521 376.19256612362960368 2000
# Layered model 59663: value=0.0573103
5
0.76631652531648608573 203.4253971399818397 97.20830597214859381 2000
2.5670742382029199113 207.51424762249547484 100.1538148514106723 2000
0.91268983888459365161 255.73888627722772071 106.31529262433411986 2000
9.4170500488960016128 334.55988150764369493 191.23033774010201569 2000
0 1029.8858686153439521 376.19256612362960368 2000
# Layered model 59490: value=0.0573436
5
0.74377926966632679218 201.41128429701171854 97.20830597214859381 2000
2.6229454014882733759 211.68528399970762166 100.1538148514106723 2000
0.87935593124939970266 245.76004303234205395 106.31529262433411986 2000
9.4170500488960016128 334.55988150764369493 191.23033774010201569 2000
0 1040.1847273014973325 376.19256612362960368 2000
# Layered model 58845: value=0.0573442
5
0.75872923298661987257 201.41128429701171854 97.20830597214859381 2000
2.6079954381679799624 209.58939009872042902 100.1538148514106723 2000
0.87935593124939970266 253.20681809626509562 106.31529262433411986 2000
9.4170500488960016128 334.55988150764369493 191.23033774010201569 2000
0 1029.8858686153439521 376.19256612362960368 2000
# Layered model 59895: value=0.0573513
5
0.74377926966632679218 205.45965111138164616 97.20830597214859381 2000
2.6906165673784805392 211.68528399970762166 100.1538148514106723 2000
0.81168476535919209525 248.21764346266547818 106.31529262433411986 2000
9.4170500488960016128 334.55988150764369493 191.23033774010201569 2000
0 1040.1847273014973325 376.19256612362960368 2000
# Layered model 59681: value=0.0573838
5
0.76631652531648608573 203.4253971399818397 97.20830597214859381 2000
2.6004081458381138603 209.58939009872042902 100.1538148514106723 2000
0.87935593124939970266 250.69981989729214433 106.31529262433411986 2000
9.4170500488960016128 334.55988150764369493 191.23033774010201569 2000
0 1040.1847273014973325 376.19256612362960368 2000
# Layered model 59758: value=0.0574367
5
0.75872923298661987257 205.45965111138164616 97.20830597214859381 2000
2.6416626848795261573 209.58939009872042902 100.1538148514106723 2000
0.84568868453785350781 255.73888627722772071 106.31529262433411986 2000
9.4170500488960016128 334.55988150764369493 191.23033774010201569 2000
0 1050.5865745745122695 376.19256612362960368 2000
# Layered model 57456: value=0.0574491
5
0.75872923298661987257 203.4253971399818397 97.20830597214859381 2000
2.6079954381679799624 209.58939009872042902 100.1538148514106723 2000
0.87935593124939970266 250.69981989729214433 106.31529262433411986 2000
9.4170500488960016128 334.55988150764369493 191.23033774010201569 2000
0 1029.8858686153439521 376.19256612362960368 2000
# Layered model 59916: value=0.0574563
5
0.75121706236299001791 205.45965111138164616 97.20830597214859381 2000
2.6831787746818176466 211.68528399970762166 100.1538148514106723 2000
0.81168476535919209525 250.69981989729214433 106.31529262433411986 2000
9.4170500488960016128 334.55988150764369493 191.23033774010201569 2000
0 1040.1847273014973325 376.19256612362960368 2000
# Layered model 59913: value=0.0574587
5
0.75872923298661987257 201.41128429701171854 97.20830597214859381 2000
2.5746615305327860135 209.58939009872042902 100.1538148514106723 2000
0.91268983888459365161 250.69981989729214433 106.31529262433411986 2000
9.4170500488960016128 334.55988150764369493 191.23033774010201569 2000
0 1040.1847273014973325 376.19256612362960368 2000
# Layered model 58940: value=0.0574599
5
0.73641511848151164354 203.4253971399818397 97.20830597214859381 2000
2.5312946781260818874 205.45965111138164616 100.1538148514106723 2000
0.97837080579640600675 263.4880302703139705 105.26266596468724401 2000
9.4170500488960016128 334.55988150764369493 191.23033774010201569 2000
0 1061.0924403202573103 376.19256612362960368 2000
# Layered model 59657: value=0.0574667
5
0.75872923298661987257 203.4253971399818397 97.20830597214859381 2000
2.6756666040581875698 207.51424762249547484 100.1538148514106723 2000
0.81168476535919209525 263.4880302703139705 106.31529262433411986 2000
9.4170500488960016128 334.55988150764369493 191.23033774010201569 2000
0 1029.8858686153439521 376.19256612362960368 2000
# Layered model 59784: value=0.0574723
5
0.76631652531648608573 205.45965111138164616 97.20830597214859381 2000
2.6004081458381138603 209.58939009872042902 100.1538148514106723 2000
0.87935593124939970266 250.69981989729214433 106.31529262433411986 2000
9.4170500488960016128 334.55988150764369493 191.23033774010201569 2000
0 1040.1847273014973325 376.19256612362960368 2000
