# 60000 /scratch/04709/vantaj94/Reports_2020-02-17/VS2_Tar5_LN5_Sd2.report
# Layered model 50699: value=0.0412268
5
3.9576270450542336832 207.51424762249547484 99.162192922188779676 2000
5.2547083292816898492 334.55988150764369493 185.60628179541902227 2000
4.7559531242195642875 369.56224738829411081 209.1458040768060016 2000
1.6084849744108602465 508.12616718353837086 250.1692255969292944 2000
0 1019.6889788270731287 379.95449178486586561 2000
# Layered model 56224: value=0.0415745
5
4.07754710214642202 222.48336094196545787 99.162192922188779676 2000
7.1632527662785978606 324.72052488315904384 189.33696805950694397 2000
0.91109387368185679179 380.76035304640686263 191.23033774010201569 2000
2.8170793958751172426 437.67420725009782245 228.73968576253147944 2000
0 989.70007679995774197 379.95449178486586561 2000
# Layered model 57684: value=0.041812
5
3.9576270450542336832 207.51424762249547484 99.162192922188779676 2000
5.2547083292816898492 334.55988150764369493 185.60628179541902227 2000
4.0780118466316146453 396.2207502291066703 209.1458040768060016 2000
3.0809982472511716622 437.67420725009782245 250.1692255969292944 2000
0 1093.244602354401195 379.95449178486586561 2000
# Layered model 55214: value=0.0446168
5
4.1183225731678865245 224.70819455138510534 99.162192922188779676 2000
6.4710193833280174047 318.32224770430252647 191.23033774010201569 2000
2.1824204942057203738 384.56795657687092671 197.0248082039648807 2000
1.7569754016172538513 437.67420725009782245 213.34963473874984174 2000
0 1009.5930483436369514 379.95449178486586561 2000
# Layered model 40043: value=0.0453076
5
4.1183225731678865245 224.70819455138510534 99.162192922188779676 2000
6.3661744134617217483 318.32224770430252647 191.23033774010201569 2000
2.4149830885790315449 388.41363614263957516 198.99505628600454088 2000
1.7745451556334277399 455.44553513802287625 215.4831310861373197 2000
0 989.70007679995774197 379.95449178486586561 2000
# Layered model 57280: value=0.0476996
5
3.9972033155047759223 209.58939009872042902 99.162192922188779676 2000
5.0336126577683559802 334.55988150764369493 185.60628179541902227 2000
4.3924347199040809642 408.22663518179882658 209.1458040768060016 2000
2.9480947750414969732 416.4319905489529674 245.23990353585855928 2000
0 1126.3710070503418592 379.95449178486586561 2000
# Layered model 55460: value=0.0481151
5
3.9972033155047759223 215.94015820810176365 99.162192922188779676 2000
5.4002999998553002925 337.90548032272010914 183.76859583704853662 2000
4.1599798847489086739 396.2207502291066703 207.07505354139206588 2000
2.8138622681097249512 420.5963104544425164 252.67091785289858308 2000
0 1093.244602354401195 379.95449178486586561 2000
# Layered model 58427: value=0.0484877
5
3.9576270450542336832 205.45965111138164616 99.162192922188779676 2000
5.6287660869445810263 331.24740743331057047 185.60628179541902227 2000
4.1066649001112605077 408.22663518179882658 219.8143420209686667 2000
2.5161949067203313035 433.34079925752257623 247.69230257121714089 2000
0 1115.2188188617246851 379.95449178486586561 2000
# Layered model 58200: value=0.049052
5
4.1183225731678865245 229.22482926186793861 99.162192922188779676 2000
6.6838651566535842719 315.1705422814876556 189.33696805950694397 2000
1.9695747208801535066 388.41363614263957516 200.98500684886460022 2000
1.7569754016172538513 429.0502962945768104 213.34963473874984174 2000
0 1019.6889788270731287 379.95449178486586561 2000
# Layered model 56241: value=0.0494467
5
4.1183225731678865245 226.95527649689896066 99.162192922188779676 2000
6.6838651566535842719 315.1705422814876556 189.33696805950694397 2000
1.3497060122854058761 384.56795657687092671 202.99485691735324622 2000
2.3768441102120014818 424.8022735589869967 213.34963473874984174 2000
0 1050.5865745745122695 379.95449178486586561 2000
# Layered model 58924: value=0.0501454
5
3.9972033155047759223 211.68528399970762166 99.162192922188779676 2000
5.4942750330089014099 344.69738047720676377 185.60628179541902227 2000
4.6164930350273660764 369.56224738829411081 209.1458040768060016 2000
1.7818952362319269156 493.18225177257750147 240.40770859313647634 2000
0 1009.5930483436369514 379.95449178486586561 2000
# Layered model 59732: value=0.0514032
5
3.9576270450542336832 207.51424762249547484 99.162192922188779676 2000
5.533851303459443649 327.96773013199066327 185.60628179541902227 2000
3.6672812762066566705 404.18478730871169091 217.63796239699868806 2000
3.050493314110072518 437.67420725009782245 242.81178567906783883 2000
0 1126.3710070503418592 379.95449178486586561 2000
# Layered model 52007: value=0.051652
5
4.07754710214642202 222.48336094196545787 99.162192922188779676 2000
7.2756607649628488588 324.72052488315904384 189.33696805950694397 2000
0.79868587499760579362 388.41363614263957516 195.07406752867808564 2000
2.6688717410436115784 429.0502962945768104 219.8143420209686667 2000
0 989.70007679995774197 379.95449178486586561 2000
# Layered model 47411: value=0.0516947
5
4.1183225731678865245 224.70819455138510534 99.162192922188779676 2000
7.3484173726124764059 324.72052488315904384 191.23033774010201569 2000
1.0533683286060941953 384.56795657687092671 195.07406752867808564 2000
2.3006572087640311253 478.67783470323479378 215.4831310861373197 2000
0 951.08232073789292826 379.95449178486586561 2000
# Layered model 58652: value=0.0521483
5
3.8796461572926510541 173.4855039537403627 101.15535299992477292 2000
5.8994334766593397035 365.90321523593479469 207.07505354139206588 2000
2.3728141081548859148 369.56224738829411081 211.23726211757403348 2000
3.424879730859471394 429.0502962945768104 260.3270993347592821 2000
0 1126.3710070503418592 376.19256612362960368 2000
# Layered model 58601: value=0.0521679
5
3.8796461572926510541 173.4855039537403627 101.15535299992477292 2000
5.8026109060261514827 365.90321523593479469 207.07505354139206588 2000
2.4696366787880741356 369.56224738829411081 211.23726211757403348 2000
3.424879730859471394 429.0502962945768104 260.3270993347592821 2000
0 1126.3710070503418592 376.19256612362960368 2000
# Layered model 57926: value=0.0522382
5
3.8796461572926510541 173.4855039537403627 101.15535299992477292 2000
5.7067469747061636554 365.90321523593479469 207.07505354139206588 2000
2.5655006101080619629 369.56224738829411081 211.23726211757403348 2000
3.424879730859471394 429.0502962945768104 260.3270993347592821 2000
0 1126.3710070503418592 376.19256612362960368 2000
# Layered model 59731: value=0.0522492
5
3.8796461572926510541 173.4855039537403627 101.15535299992477292 2000
5.8026109060261514827 365.90321523593479469 207.07505354139206588 2000
2.3493208991632528182 369.56224738829411081 211.23726211757403348 2000
3.5451955104842927113 424.8022735589869967 257.74960330174184264 2000
0 1137.6347171208453801 376.19256612362960368 2000
# Layered model 59333: value=0.0522503
5
3.8796461572926510541 173.4855039537403627 101.15535299992477292 2000
5.8026109060261514827 365.90321523593479469 207.07505354139206588 2000
2.4696366787880741356 369.56224738829411081 211.23726211757403348 2000
3.424879730859471394 429.0502962945768104 260.3270993347592821 2000
0 1115.2188188617246851 376.19256612362960368 2000
# Layered model 59763: value=0.0522548
5
3.8796461572926510541 173.4855039537403627 101.15535299992477292 2000
5.8994334766593397035 365.90321523593479469 207.07505354139206588 2000
2.3728141081548859148 369.56224738829411081 211.23726211757403348 2000
3.424879730859471394 429.0502962945768104 260.3270993347592821 2000
0 1115.2188188617246851 376.19256612362960368 2000
# Layered model 54798: value=0.0523577
5
3.8796461572926510541 173.4855039537403627 101.15535299992477292 2000
5.6118321912210262781 365.90321523593479469 207.07505354139206588 2000
2.6604153935931993402 369.56224738829411081 211.23726211757403348 2000
3.424879730859471394 429.0502962945768104 260.3270993347592821 2000
0 1126.3710070503418592 376.19256612362960368 2000
# Layered model 58004: value=0.0523931
5
3.8796461572926510541 173.4855039537403627 101.15535299992477292 2000
5.6118321912210262781 365.90321523593479469 207.07505354139206588 2000
2.6604153935931993402 369.56224738829411081 211.23726211757403348 2000
3.424879730859471394 429.0502962945768104 260.3270993347592821 2000
0 1115.2188188617246851 376.19256612362960368 2000
# Layered model 59443: value=0.0524054
5
3.8796461572926510541 173.4855039537403627 101.15535299992477292 2000
5.7067469747061636554 365.90321523593479469 207.07505354139206588 2000
2.4451848304832406455 369.56224738829411081 211.23726211757403348 2000
3.5451955104842927113 424.8022735589869967 257.74960330174184264 2000
0 1126.3710070503418592 376.19256612362960368 2000
# Layered model 59063: value=0.0524086
5
3.8796461572926510541 173.4855039537403627 101.15535299992477292 2000
5.8026109060261514827 365.90321523593479469 207.07505354139206588 2000
2.3493208991632528182 369.56224738829411081 211.23726211757403348 2000
3.5451955104842927113 424.8022735589869967 257.74960330174184264 2000
0 1126.3710070503418592 376.19256612362960368 2000
# Layered model 59403: value=0.0524376
5
3.8796461572926510541 173.4855039537403627 101.15535299992477292 2000
5.8026109060261514827 365.90321523593479469 207.07505354139206588 2000
2.4696366787880741356 369.56224738829411081 211.23726211757403348 2000
3.424879730859471394 429.0502962945768104 260.3270993347592821 2000
0 1137.6347171208453801 376.19256612362960368 2000
# Layered model 59239: value=0.0525374
5
3.8796461572926510541 173.4855039537403627 101.15535299992477292 2000
5.5178571580674251607 365.90321523593479469 207.07505354139206588 2000
2.7543904267468004576 369.56224738829411081 211.23726211757403348 2000
3.424879730859471394 429.0502962945768104 260.3270993347592821 2000
0 1115.2188188617246851 376.19256612362960368 2000
# Layered model 49059: value=0.0525598
5
3.9576270450542336832 205.45965111138164616 99.162192922188779676 2000
5.3468316830250488536 331.24740743331057047 185.60628179541902227 2000
4.1187919650979303299 404.18478730871169091 217.63796239699868806 2000
2.7860022456531936541 433.34079925752257623 242.81178567906783883 2000
0 1115.2188188617246851 379.95449178486586561 2000
# Layered model 58919: value=0.0525808
5
4.07754710214642202 220.28055538808459346 99.162192922188779676 2000
6.5117948543494819091 321.5054701813455722 191.23033774010201569 2000
2.4391329194648232459 384.56795657687092671 200.98500684886460022 2000
1.6455503548813403825 455.44553513802287625 213.34963473874984174 2000
0 970.1990753847248925 379.95449178486586561 2000
# Layered model 59639: value=0.0525834
5
3.8796461572926510541 173.4855039537403627 101.15535299992477292 2000
6.0959929773017744736 365.90321523593479469 207.07505354139206588 2000
1.936814293605628734 369.56224738829411081 209.1458040768060016 2000
3.6643200447662938046 424.8022735589869967 257.74960330174184264 2000
0 1126.3710070503418592 376.19256612362960368 2000
# Layered model 59547: value=0.0525931
5
3.8796461572926510541 173.4855039537403627 101.15535299992477292 2000
6.1957493686477196349 365.90321523593479469 207.07505354139206588 2000
1.8370579022596835728 369.56224738829411081 209.1458040768060016 2000
3.6643200447662938046 424.8022735589869967 257.74960330174184264 2000
0 1126.3710070503418592 376.19256612362960368 2000
# Layered model 54927: value=0.0526193
5
3.8796461572926510541 173.4855039537403627 101.15535299992477292 2000
5.6118321912210262781 365.90321523593479469 207.07505354139206588 2000
2.3030299962388518509 369.56224738829411081 209.1458040768060016 2000
3.7822651282138188833 420.5963104544425164 255.1976270314275439 2000
0 1137.6347171208453801 376.19256612362960368 2000
# Layered model 58840: value=0.0526231
5
3.8796461572926510541 173.4855039537403627 101.15535299992477292 2000
6.2965033239071228621 365.90321523593479469 207.07505354139206588 2000
1.7363039470002803455 369.56224738829411081 209.1458040768060016 2000
3.6643200447662938046 424.8022735589869967 257.74960330174184264 2000
0 1126.3710070503418592 376.19256612362960368 2000
# Layered model 55334: value=0.0526243
5
3.8796461572926510541 173.4855039537403627 101.15535299992477292 2000
5.5178571580674251607 365.90321523593479469 207.07505354139206588 2000
2.3970050293924529683 369.56224738829411081 209.1458040768060016 2000
3.7822651282138188833 420.5963104544425164 255.1976270314275439 2000
0 1137.6347171208453801 376.19256612362960368 2000
# Layered model 54407: value=0.0526334
5
3.8796461572926510541 173.4855039537403627 101.15535299992477292 2000
5.7067469747061636554 365.90321523593479469 207.07505354139206588 2000
2.2081152127537144736 369.56224738829411081 209.1458040768060016 2000
3.7822651282138188833 420.5963104544425164 255.1976270314275439 2000
0 1137.6347171208453801 376.19256612362960368 2000
# Layered model 53032: value=0.0526672
5
3.8796461572926510541 173.4855039537403627 101.15535299992477292 2000
5.8026109060261514827 365.90321523593479469 207.07505354139206588 2000
2.1122512814337266462 369.56224738829411081 209.1458040768060016 2000
3.7822651282138188833 420.5963104544425164 255.1976270314275439 2000
0 1137.6347171208453801 376.19256612362960368 2000
# Layered model 58943: value=0.0526698
5
3.8796461572926510541 173.4855039537403627 101.15535299992477292 2000
5.9972242729988600729 365.90321523593479469 207.07505354139206588 2000
2.0355829979085431347 373.25786986217713093 211.23726211757403348 2000
3.6643200447662938046 420.5963104544425164 255.1976270314275439 2000
0 1137.6347171208453801 376.19256612362960368 2000
# Layered model 59406: value=0.0526701
5
3.8796461572926510541 173.4855039537403627 101.15535299992477292 2000
6.0959929773017744736 365.90321523593479469 207.07505354139206588 2000
1.936814293605628734 369.56224738829411081 209.1458040768060016 2000
3.6643200447662938046 424.8022735589869967 257.74960330174184264 2000
0 1115.2188188617246851 376.19256612362960368 2000
# Layered model 58031: value=0.0526717
5
3.8796461572926510541 173.4855039537403627 101.15535299992477292 2000
5.6118321912210262781 365.90321523593479469 207.07505354139206588 2000
2.6604153935931993402 369.56224738829411081 211.23726211757403348 2000
3.424879730859471394 429.0502962945768104 260.3270993347592821 2000
0 1137.6347171208453801 376.19256612362960368 2000
# Layered model 59154: value=0.052674
5
3.8796461572926510541 173.4855039537403627 101.15535299992477292 2000
6.3982648187191202283 365.90321523593479469 207.07505354139206588 2000
1.6345424521882829794 369.56224738829411081 209.1458040768060016 2000
3.6643200447662938046 424.8022735589869967 257.74960330174184264 2000
0 1126.3710070503418592 376.19256612362960368 2000
# Layered model 56613: value=0.0526896
5
3.8796461572926510541 173.4855039537403627 101.15535299992477292 2000
5.3326892170432724782 365.90321523593479469 207.07505354139206588 2000
2.5821729704166056507 369.56224738829411081 209.1458040768060016 2000
3.7822651282138188833 420.5963104544425164 255.1976270314275439 2000
0 1137.6347171208453801 376.19256612362960368 2000
# Layered model 59659: value=0.0526925
5
3.8796461572926510541 173.4855039537403627 101.15535299992477292 2000
5.8994334766593397035 365.90321523593479469 207.07505354139206588 2000
2.1333737942480635041 373.25786986217713093 211.23726211757403348 2000
3.6643200447662938046 420.5963104544425164 255.1976270314275439 2000
0 1126.3710070503418592 376.19256612362960368 2000
# Layered model 59244: value=0.0527088
5
3.8796461572926510541 173.4855039537403627 101.15535299992477292 2000
6.1957493686477196349 365.90321523593479469 207.07505354139206588 2000
1.8370579022596835728 369.56224738829411081 209.1458040768060016 2000
3.6643200447662938046 424.8022735589869967 257.74960330174184264 2000
0 1115.2188188617246851 376.19256612362960368 2000
# Layered model 59630: value=0.0527094
5
3.8796461572926510541 173.4855039537403627 101.15535299992477292 2000
5.8026109060261514827 365.90321523593479469 207.07505354139206588 2000
2.4696366787880741356 369.56224738829411081 211.23726211757403348 2000
3.424879730859471394 429.0502962945768104 260.3270993347592821 2000
0 1104.1770483779453116 376.19256612362960368 2000
# Layered model 52216: value=0.0527169
5
4.1183225731678865245 224.70819455138510534 99.162192922188779676 2000
6.9009891300229968536 321.5054701813455722 191.23033774010201569 2000
1.2541009763370620789 388.41363614263957516 197.0248082039648807 2000
2.547352803622542794 455.44553513802287625 215.4831310861373197 2000
0 1009.5930483436369514 379.95449178486586561 2000
# Layered model 55525: value=0.0527423
5
3.8796461572926510541 173.4855039537403627 101.15535299992477292 2000
5.4248125707866314826 365.90321523593479469 207.07505354139206588 2000
2.4900496166732466463 369.56224738829411081 209.1458040768060016 2000
3.7822651282138188833 420.5963104544425164 255.1976270314275439 2000
0 1126.3710070503418592 376.19256612362960368 2000
# Layered model 59145: value=0.0527439
5
3.8796461572926510541 173.4855039537403627 101.15535299992477292 2000
5.9972242729988600729 365.90321523593479469 207.07505354139206588 2000
2.0355829979085431347 373.25786986217713093 211.23726211757403348 2000
3.6643200447662938046 420.5963104544425164 255.1976270314275439 2000
0 1126.3710070503418592 376.19256612362960368 2000
# Layered model 55199: value=0.0527446
5
3.8796461572926510541 173.4855039537403627 101.15535299992477292 2000
5.5178571580674251607 365.90321523593479469 207.07505354139206588 2000
2.3970050293924529683 369.56224738829411081 209.1458040768060016 2000
3.7822651282138188833 420.5963104544425164 255.1976270314275439 2000
0 1126.3710070503418592 376.19256612362960368 2000
# Layered model 59942: value=0.0527464
5
3.8796461572926510541 173.4855039537403627 101.15535299992477292 2000
6.5010439284792376213 365.90321523593479469 207.07505354139206588 2000
1.5317633424281655863 369.56224738829411081 209.1458040768060016 2000
3.6643200447662938046 424.8022735589869967 257.74960330174184264 2000
0 1126.3710070503418592 376.19256612362960368 2000
# Layered model 58040: value=0.0527507
5
3.8796461572926510541 173.4855039537403627 101.15535299992477292 2000
6.0959929773017744736 365.90321523593479469 207.07505354139206588 2000
1.936814293605628734 373.25786986217713093 211.23726211757403348 2000
3.6643200447662938046 420.5963104544425164 255.1976270314275439 2000
0 1137.6347171208453801 376.19256612362960368 2000
# Layered model 55855: value=0.0527583
5
3.8796461572926510541 173.4855039537403627 101.15535299992477292 2000
5.3326892170432724782 365.90321523593479469 207.07505354139206588 2000
2.5821729704166056507 369.56224738829411081 209.1458040768060016 2000
3.7822651282138188833 420.5963104544425164 255.1976270314275439 2000
0 1126.3710070503418592 376.19256612362960368 2000
# Layered model 55226: value=0.0527589
5
3.8796461572926510541 173.4855039537403627 101.15535299992477292 2000
6.1957493686477196349 365.90321523593479469 207.07505354139206588 2000
1.7191128188121584941 373.25786986217713093 209.1458040768060016 2000
3.7822651282138188833 420.5963104544425164 255.1976270314275439 2000
0 1126.3710070503418592 376.19256612362960368 2000
# Layered model 55812: value=0.052761
5
3.8796461572926510541 173.4855039537403627 101.15535299992477292 2000
6.2965033239071228621 365.90321523593479469 207.07505354139206588 2000
1.6183588635527552668 373.25786986217713093 209.1458040768060016 2000
3.7822651282138188833 420.5963104544425164 255.1976270314275439 2000
0 1126.3710070503418592 376.19256612362960368 2000
# Layered model 57949: value=0.0527681
5
3.8796461572926510541 173.4855039537403627 101.15535299992477292 2000
6.2965033239071228621 365.90321523593479469 207.07505354139206588 2000
1.7363039470002803455 369.56224738829411081 209.1458040768060016 2000
3.6643200447662938046 424.8022735589869967 257.74960330174184264 2000
0 1115.2188188617246851 376.19256612362960368 2000
# Layered model 56727: value=0.0527921
5
3.8796461572926510541 173.4855039537403627 101.15535299992477292 2000
5.2414779757132130555 365.90321523593479469 207.07505354139206588 2000
2.6733842117466650734 369.56224738829411081 209.1458040768060016 2000
3.7822651282138188833 420.5963104544425164 255.1976270314275439 2000
0 1126.3710070503418592 376.19256612362960368 2000
# Layered model 55230: value=0.0527961
5
3.8796461572926510541 173.4855039537403627 101.15535299992477292 2000
5.7067469747061636554 365.90321523593479469 207.07505354139206588 2000
2.2081152127537144736 369.56224738829411081 209.1458040768060016 2000
3.7822651282138188833 420.5963104544425164 255.1976270314275439 2000
0 1149.0110642920537884 376.19256612362960368 2000
# Layered model 59487: value=0.0527988
5
3.8796461572926510541 173.4855039537403627 101.15535299992477292 2000
4.9732270642279168271 365.90321523593479469 207.07505354139206588 2000
3.0595802066794863805 373.25786986217713093 209.1458040768060016 2000
3.6643200447662938046 420.5963104544425164 255.1976270314275439 2000
0 1115.2188188617246851 376.19256612362960368 2000
# Layered model 57329: value=0.0527993
5
3.8796461572926510541 173.4855039537403627 101.15535299992477292 2000
6.0959929773017744736 365.90321523593479469 207.07505354139206588 2000
1.8188692101581036553 373.25786986217713093 209.1458040768060016 2000
3.93803286294348176 424.8022735589869967 257.74960330174184264 2000
0 1160.501174934974415 376.19256612362960368 2000
# Layered model 54522: value=0.0528024
5
3.8796461572926510541 173.4855039537403627 101.15535299992477292 2000
6.0959929773017744736 365.90321523593479469 207.07505354139206588 2000
1.8188692101581036553 373.25786986217713093 209.1458040768060016 2000
3.7822651282138188833 420.5963104544425164 255.1976270314275439 2000
0 1126.3710070503418592 376.19256612362960368 2000
# Layered model 59548: value=0.0528032
5
3.8796461572926510541 173.4855039537403627 101.15535299992477292 2000
6.6048508293369572186 365.90321523593479469 207.07505354139206588 2000
1.3100113581229209103 373.25786986217713093 211.23726211757403348 2000
3.7822651282138188833 420.5963104544425164 255.1976270314275439 2000
0 1126.3710070503418592 376.19256612362960368 2000
# Layered model 58625: value=0.0528035
5
3.8796461572926510541 173.4855039537403627 101.15535299992477292 2000
5.6118321912210262781 365.90321523593479469 207.07505354139206588 2000
2.6604153935931993402 369.56224738829411081 211.23726211757403348 2000
3.424879730859471394 429.0502962945768104 260.3270993347592821 2000
0 1104.1770483779453116 376.19256612362960368 2000
# Layered model 53824: value=0.0528036
5
3.8796461572926510541 173.4855039537403627 101.15535299992477292 2000
5.8026109060261514827 365.90321523593479469 207.07505354139206588 2000
2.1122512814337266462 369.56224738829411081 209.1458040768060016 2000
3.7822651282138188833 420.5963104544425164 255.1976270314275439 2000
0 1149.0110642920537884 376.19256612362960368 2000
# Layered model 54410: value=0.0528063
5
3.8796461572926510541 173.4855039537403627 101.15535299992477292 2000
5.7067469747061636554 365.90321523593479469 207.07505354139206588 2000
2.2081152127537144736 369.56224738829411081 209.1458040768060016 2000
3.7822651282138188833 420.5963104544425164 255.1976270314275439 2000
0 1126.3710070503418592 376.19256612362960368 2000
# Layered model 54832: value=0.0528079
5
3.8796461572926510541 173.4855039537403627 101.15535299992477292 2000
5.6118321912210262781 365.90321523593479469 207.07505354139206588 2000
2.3030299962388518509 369.56224738829411081 209.1458040768060016 2000
3.7822651282138188833 420.5963104544425164 255.1976270314275439 2000
0 1149.0110642920537884 376.19256612362960368 2000
# Layered model 56620: value=0.05281
5
3.8796461572926510541 173.4855039537403627 101.15535299992477292 2000
6.3982648187191202283 365.90321523593479469 207.07505354139206588 2000
1.5165973687407579007 373.25786986217713093 209.1458040768060016 2000
3.7822651282138188833 420.5963104544425164 255.1976270314275439 2000
0 1126.3710070503418592 376.19256612362960368 2000
# Layered model 58541: value=0.0528211
5
3.8796461572926510541 173.4855039537403627 101.15535299992477292 2000
4.8855748541138517282 365.90321523593479469 207.07505354139206588 2000
3.1472324167935514794 373.25786986217713093 209.1458040768060016 2000
3.6643200447662938046 420.5963104544425164 255.1976270314275439 2000
0 1115.2188188617246851 376.19256612362960368 2000
# Layered model 59480: value=0.0528283
5
3.8796461572926510541 173.4855039537403627 101.15535299992477292 2000
5.6118321912210262781 365.90321523593479469 207.07505354139206588 2000
2.7819343310142681247 369.56224738829411081 213.34963473874984174 2000
3.3033607934384026095 429.0502962945768104 260.3270993347592821 2000
0 1160.501174934974415 376.19256612362960368 2000
# Layered model 55218: value=0.0528311
5
3.8796461572926510541 173.4855039537403627 101.15535299992477292 2000
5.8994334766593397035 365.90321523593479469 207.07505354139206588 2000
2.0154287108005384255 369.56224738829411081 209.1458040768060016 2000
3.7822651282138188833 420.5963104544425164 255.1976270314275439 2000
0 1149.0110642920537884 376.19256612362960368 2000
# Layered model 59740: value=0.0528361
5
3.8796461572926510541 173.4855039537403627 101.15535299992477292 2000
6.5010439284792376213 365.90321523593479469 207.07505354139206588 2000
1.5317633424281655863 369.56224738829411081 211.23726211757403348 2000
3.6643200447662938046 424.8022735589869967 257.74960330174184264 2000
0 1137.6347171208453801 376.19256612362960368 2000
# Layered model 56821: value=0.052843
5
3.8796461572926510541 173.4855039537403627 101.15535299992477292 2000
5.1511698159804808483 365.90321523593479469 207.07505354139206588 2000
2.7636923714793972806 369.56224738829411081 209.1458040768060016 2000
3.7822651282138188833 420.5963104544425164 255.1976270314275439 2000
0 1126.3710070503418592 376.19256612362960368 2000
# Layered model 57736: value=0.0528452
5
3.8796461572926510541 173.4855039537403627 101.15535299992477292 2000
5.9972242729988600729 365.90321523593479469 207.07505354139206588 2000
1.917637914461018056 373.25786986217713093 209.1458040768060016 2000
3.93803286294348176 424.8022735589869967 257.74960330174184264 2000
0 1160.501174934974415 376.19256612362960368 2000
# Layered model 59357: value=0.0528461
5
3.8796461572926510541 173.4855039537403627 101.15535299992477292 2000
6.2965033239071228621 365.90321523593479469 207.07505354139206588 2000
1.6183588635527552668 373.25786986217713093 209.1458040768060016 2000
3.93803286294348176 424.8022735589869967 257.74960330174184264 2000
0 1160.501174934974415 376.19256612362960368 2000
# Layered model 56233: value=0.0528634
5
3.8796461572926510541 173.4855039537403627 101.15535299992477292 2000
5.1511698159804808483 365.90321523593479469 207.07505354139206588 2000
2.8816374549269223593 373.25786986217713093 209.1458040768060016 2000
3.6643200447662938046 420.5963104544425164 255.1976270314275439 2000
0 1115.2188188617246851 376.19256612362960368 2000
# Layered model 54230: value=0.0528668
5
3.8796461572926510541 173.4855039537403627 101.15535299992477292 2000
5.8026109060261514827 365.90321523593479469 207.07505354139206588 2000
2.1122512814337266462 369.56224738829411081 209.1458040768060016 2000
3.7822651282138188833 420.5963104544425164 255.1976270314275439 2000
0 1126.3710070503418592 376.19256612362960368 2000
# Layered model 59746: value=0.0528786
5
3.8796461572926510541 173.4855039537403627 101.15535299992477292 2000
4.7987904876642826224 365.90321523593479469 207.07505354139206588 2000
3.2340167832431205852 373.25786986217713093 209.1458040768060016 2000
3.6643200447662938046 420.5963104544425164 255.1976270314275439 2000
0 1115.2188188617246851 376.19256612362960368 2000
# Layered model 55634: value=0.052879
5
3.8796461572926510541 173.4855039537403627 101.15535299992477292 2000
5.9972242729988600729 365.90321523593479469 207.07505354139206588 2000
1.917637914461018056 369.56224738829411081 209.1458040768060016 2000
3.7822651282138188833 420.5963104544425164 255.1976270314275439 2000
0 1149.0110642920537884 376.19256612362960368 2000
# Layered model 58069: value=0.05288
5
3.8796461572926510541 173.4855039537403627 101.15535299992477292 2000
6.0959929773017744736 365.90321523593479469 207.07505354139206588 2000
1.936814293605628734 373.25786986217713093 211.23726211757403348 2000
3.6643200447662938046 420.5963104544425164 255.1976270314275439 2000
0 1126.3710070503418592 376.19256612362960368 2000
# Layered model 57128: value=0.0528833
5
3.8796461572926510541 173.4855039537403627 101.15535299992477292 2000
5.9972242729988600729 365.90321523593479469 207.07505354139206588 2000
1.917637914461018056 373.25786986217713093 209.1458040768060016 2000
3.93803286294348176 424.8022735589869967 257.74960330174184264 2000
0 1149.0110642920537884 376.19256612362960368 2000
# Layered model 56016: value=0.0528854
5
3.8796461572926510541 173.4855039537403627 101.15535299992477292 2000
6.1957493686477196349 365.90321523593479469 207.07505354139206588 2000
1.7191128188121584941 373.25786986217713093 209.1458040768060016 2000
3.7822651282138188833 420.5963104544425164 255.1976270314275439 2000
0 1115.2188188617246851 376.19256612362960368 2000
# Layered model 53930: value=0.0528901
5
3.8796461572926510541 173.4855039537403627 101.15535299992477292 2000
5.9972242729988600729 365.90321523593479469 207.07505354139206588 2000
1.917637914461018056 373.25786986217713093 209.1458040768060016 2000
3.7822651282138188833 420.5963104544425164 255.1976270314275439 2000
0 1126.3710070503418592 376.19256612362960368 2000
# Layered model 57433: value=0.0528923
5
3.8796461572926510541 173.4855039537403627 101.15535299992477292 2000
6.0959929773017744736 365.90321523593479469 207.07505354139206588 2000
1.8188692101581036553 373.25786986217713093 209.1458040768060016 2000
3.93803286294348176 424.8022735589869967 257.74960330174184264 2000
0 1149.0110642920537884 376.19256612362960368 2000
# Layered model 54031: value=0.0528957
5
3.8796461572926510541 173.4855039537403627 101.15535299992477292 2000
5.9972242729988600729 365.90321523593479469 207.07505354139206588 2000
1.917637914461018056 373.25786986217713093 209.1458040768060016 2000
3.7822651282138188833 420.5963104544425164 255.1976270314275439 2000
0 1115.2188188617246851 376.19256612362960368 2000
# Layered model 58914: value=0.0529017
5
3.8796461572926510541 173.4855039537403627 101.15535299992477292 2000
4.8855748541138517282 365.90321523593479469 207.07505354139206588 2000
3.1472324167935514794 373.25786986217713093 209.1458040768060016 2000
3.6643200447662938046 420.5963104544425164 255.1976270314275439 2000
0 1104.1770483779453116 376.19256612362960368 2000
# Layered model 59707: value=0.0529052
5
3.8796461572926510541 173.4855039537403627 101.15535299992477292 2000
4.7987904876642826224 365.90321523593479469 207.07505354139206588 2000
3.2340167832431205852 373.25786986217713093 209.1458040768060016 2000
3.6643200447662938046 420.5963104544425164 255.1976270314275439 2000
0 1104.1770483779453116 376.19256612362960368 2000
# Layered model 57416: value=0.0529072
5
3.8796461572926510541 173.4855039537403627 101.15535299992477292 2000
6.5010439284792376213 365.90321523593479469 207.07505354139206588 2000
1.4138182589806405076 373.25786986217713093 209.1458040768060016 2000
3.7822651282138188833 420.5963104544425164 255.1976270314275439 2000
0 1126.3710070503418592 376.19256612362960368 2000
# Layered model 57003: value=0.0529177
5
3.8796461572926510541 173.4855039537403627 101.15535299992477292 2000
6.5010439284792376213 365.90321523593479469 207.07505354139206588 2000
1.4138182589806405076 373.25786986217713093 211.23726211757403348 2000
3.7822651282138188833 420.5963104544425164 255.1976270314275439 2000
0 1126.3710070503418592 376.19256612362960368 2000
# Layered model 56331: value=0.0529177
5
3.8796461572926510541 173.4855039537403627 101.15535299992477292 2000
6.1957493686477196349 365.90321523593479469 207.07505354139206588 2000
1.8370579022596835728 373.25786986217713093 211.23726211757403348 2000
3.6643200447662938046 420.5963104544425164 255.1976270314275439 2000
0 1137.6347171208453801 376.19256612362960368 2000
# Layered model 52908: value=0.0529192
5
3.8796461572926510541 173.4855039537403627 101.15535299992477292 2000
5.8994334766593397035 365.90321523593479469 207.07505354139206588 2000
2.0154287108005384255 373.25786986217713093 209.1458040768060016 2000
3.93803286294348176 424.8022735589869967 257.74960330174184264 2000
0 1149.0110642920537884 376.19256612362960368 2000
# Layered model 56240: value=0.0529242
5
3.8796461572926510541 173.4855039537403627 101.15535299992477292 2000
6.2965033239071228621 365.90321523593479469 207.07505354139206588 2000
1.6183588635527552668 373.25786986217713093 209.1458040768060016 2000
3.7822651282138188833 420.5963104544425164 255.1976270314275439 2000
0 1137.6347171208453801 376.19256612362960368 2000
# Layered model 58280: value=0.0529253
5
3.8796461572926510541 173.4855039537403627 101.15535299992477292 2000
6.2965033239071228621 365.90321523593479469 207.07505354139206588 2000
1.7363039470002803455 373.25786986217713093 209.1458040768060016 2000
3.8200877794959566813 429.0502962945768104 260.3270993347592821 2000
0 1126.3710070503418592 376.19256612362960368 2000
# Layered model 57360: value=0.0529271
5
3.8796461572926510541 173.4855039537403627 101.15535299992477292 2000
5.8994334766593397035 365.90321523593479469 207.07505354139206588 2000
2.1333737942480635041 369.56224738829411081 211.23726211757403348 2000
3.6643200447662938046 424.8022735589869967 255.1976270314275439 2000
0 1126.3710070503418592 376.19256612362960368 2000
# Layered model 59839: value=0.0529277
5
3.8796461572926510541 173.4855039537403627 101.15535299992477292 2000
5.8026109060261514827 365.90321523593479469 207.07505354139206588 2000
2.3493208991632528182 369.56224738829411081 211.23726211757403348 2000
3.5451955104842927113 424.8022735589869967 257.74960330174184264 2000
0 1115.2188188617246851 376.19256612362960368 2000
# Layered model 59348: value=0.0529299
5
3.8796461572926510541 173.4855039537403627 101.15535299992477292 2000
6.3982648187191202283 365.90321523593479469 207.07505354139206588 2000
1.6345424521882829794 373.25786986217713093 209.1458040768060016 2000
3.8200877794959566813 429.0502962945768104 260.3270993347592821 2000
0 1126.3710070503418592 376.19256612362960368 2000
# Layered model 55539: value=0.0529339
5
3.8796461572926510541 173.4855039537403627 101.15535299992477292 2000
4.9732270642279168271 365.90321523593479469 207.07505354139206588 2000
3.0595802066794863805 373.25786986217713093 209.1458040768060016 2000
3.6643200447662938046 420.5963104544425164 255.1976270314275439 2000
0 1104.1770483779453116 376.19256612362960368 2000
# Layered model 59378: value=0.052934
5
3.8796461572926510541 173.4855039537403627 101.15535299992477292 2000
6.5010439284792376213 365.90321523593479469 207.07505354139206588 2000
1.4138182589806405076 373.25786986217713093 211.23726211757403348 2000
3.7822651282138188833 420.5963104544425164 255.1976270314275439 2000
0 1137.6347171208453801 376.19256612362960368 2000
# Layered model 56638: value=0.0529354
5
3.8796461572926510541 173.4855039537403627 101.15535299992477292 2000
5.8994334766593397035 365.90321523593479469 207.07505354139206588 2000
2.0154287108005384255 373.25786986217713093 209.1458040768060016 2000
3.93803286294348176 424.8022735589869967 257.74960330174184264 2000
0 1160.501174934974415 376.19256612362960368 2000
# Layered model 59445: value=0.0529414
5
3.8796461572926510541 173.4855039537403627 101.15535299992477292 2000
6.3982648187191202283 365.90321523593479469 207.07505354139206588 2000
1.5165973687407579007 373.25786986217713093 209.1458040768060016 2000
3.93803286294348176 424.8022735589869967 257.74960330174184264 2000
0 1160.501174934974415 376.19256612362960368 2000
# Layered model 58039: value=0.0529475
5
3.8796461572926510541 173.4855039537403627 101.15535299992477292 2000
6.1957493686477196349 365.90321523593479469 207.07505354139206588 2000
1.7191128188121584941 373.25786986217713093 209.1458040768060016 2000
3.93803286294348176 424.8022735589869967 257.74960330174184264 2000
0 1149.0110642920537884 376.19256612362960368 2000
# Layered model 54628: value=0.0529478
5
3.8796461572926510541 173.4855039537403627 101.15535299992477292 2000
5.8994334766593397035 365.90321523593479469 207.07505354139206588 2000
2.0154287108005384255 369.56224738829411081 209.1458040768060016 2000
3.7822651282138188833 420.5963104544425164 255.1976270314275439 2000
0 1126.3710070503418592 376.19256612362960368 2000
# Layered model 56057: value=0.0529479
5
3.8796461572926510541 173.4855039537403627 101.15535299992477292 2000
6.0959929773017744736 365.90321523593479469 207.07505354139206588 2000
1.8188692101581036553 369.56224738829411081 209.1458040768060016 2000
3.7822651282138188833 420.5963104544425164 255.1976270314275439 2000
0 1149.0110642920537884 376.19256612362960368 2000
# Layered model 59666: value=0.0529484
5
3.8796461572926510541 173.4855039537403627 101.15535299992477292 2000
6.5010439284792376213 365.90321523593479469 207.07505354139206588 2000
1.4138182589806405076 373.25786986217713093 209.1458040768060016 2000
3.7822651282138188833 420.5963104544425164 255.1976270314275439 2000
0 1137.6347171208453801 376.19256612362960368 2000
