# 60000 /scratch/04709/vantaj94/Reports_2020-02-17/VS2_Tar5_LR15_Sd2.report
# Layered model 59957: value=0.168858
9
0.82981098807256747918 201.41128429701171854 98.180389031870078043 2000
1.0795555001017838048 293.96525509778211926 99.162192922188779676 2000
2.3267980385195849991 305.90142325542501567 102.16690652992402022 2000
1.9778276443621933822 318.32224770430252647 164.71615098369039742 2000
6.7556483053498377345 433.34079925752257623 193.14264111750304664 2000
3.2825282369259909387 764.0959286308228684 202.99485691735324622 2000
10.934047035038616968 1093.244602354401195 327.27360195757785277 2000
20.239069329880496895 1374.3866840889882042 357.93431859936657702 2000
0 1693.7830723921217668 372.46788725111838403 2000
# Layered model 38018: value=0.171029
9
0.71475725878312412753 161.81306176761978577 98.180389031870078043 2000
1.1384550434221063497 276.92856789515303717 101.15535299992477292 2000
2.2994830479505736776 302.87269629249999525 103.18857559522325573 2000
2.1234367426108864407 327.96773013199066327 168.0269456184625767 2000
6.0640358011292327944 607.79383220692966461 183.76859583704853662 2000
2.2270363849643377563 632.47269904779807348 205.02480548652681591 2000
14.580098714976164942 705.62977045760726469 293.34309155205852448 2000
13.786188910100065641 913.97141621421690161 357.93431859936657702 2000
0 970.1990753847248925 383.75403670271452938 2000
# Layered model 48058: value=0.191483
9
0.88966969587944799702 201.41128429701171854 98.180389031870078043 2000
0.31843925456408361807 207.51424762249547484 99.162192922188779676 2000
2.8627618957046938597 271.47198107553475666 100.1538148514106723 2000
2.2680225675461320733 376.99044856079888177 173.1183300976476005 2000
6.0012744802015660639 412.3089015336167904 187.46234461337320454 2000
4.074522506569355329 638.79742603827605762 207.07505354139206588 2000
14.835163557801244849 970.1990753847248925 333.85180135692519343 2000
15.240965645939997586 1693.7830723921217668 354.39041445481836945 2000
0 1745.106393268675447 376.19256612362960368 2000
# Layered model 39519: value=0.19325
9
0.85495509082215437324 166.7161593522404246 98.180389031870078043 2000
0.89085472838476187363 170.067154155220436 100.1538148514106723 2000
2.618714728810372705 222.48336094196545787 107.37844555057746732 2000
1.4893371686330825199 464.5999903942971514 187.46234461337320454 2000
4.9889822804584014193 513.20742885537379152 198.99505628600454088 2000
5.4093247162231854475 534.04570842869179614 211.23726211757403348 2000
8.3591577511368591047 1061.0924403202573103 311.38960272210420044 2000
17.476206036204146699 1244.2143358095074746 347.40752323773978105 2000
0 1627.6922403865441993 372.46788725111838403 2000
# Layered model 59824: value=0.195133
9
0.78953668235010099341 163.43119238529598647 98.180389031870078043 2000
1.0822077428771819108 279.69785357410455617 101.15535299992477292 2000
2.2809509249285215837 351.62579782479866708 104.22046135117548715 2000
3.1336991693476639043 404.18478730871169091 166.3633124935273031 2000
4.8106233159008295885 498.1140742903033356 185.60628179541902227 2000
2.1831549700660097812 550.22782743978950748 198.99505628600454088 2000
14.292813170254060395 727.01105813224319263 296.27652246757912735 2000
13.935421849955329066 923.11113037635902856 357.93431859936657702 2000
0 1050.5865745745122695 379.95449178486586561 2000
# Layered model 47106: value=0.199105
9
0.68686767676700000163 191.63592610541462591 95.29291831403645574 2000
0.68807300176409780246 203.4253971399818397 99.162192922188779676 2000
2.237750500037645196 215.94015820810176365 103.18857559522325573 2000
1.2327838214312571985 400.18295773139772109 122.20668734448403825 2000
5.0685690745772333798 416.4319905489529674 191.23033774010201569 2000
4.7988322470716298085 513.20742885537379152 195.07406752867808564 2000
12.204168973767547612 691.72607632350479889 308.30653734861800785 2000
7.2340482997001451793 705.62977045760726469 365.12879840321380698 2000
0 1762.5574572013624675 387.59157706974167468 2000
# Layered model 49612: value=0.203868
9
0.71475725878312412753 201.41128429701171854 95.29291831403645574 2000
1.2137028942729706227 238.5322765214651497 98.180389031870078043 2000
1.9835667150204807641 276.92856789515303717 103.18857559522325573 2000
1.4939162139815498342 483.46461305026713262 147.63899278492544909 2000
6.4527157115937692211 550.22782743978950748 185.60628179541902227 2000
2.8542175279969690394 626.21059311663179869 189.33696805950694397 2000
16.849476176200326449 651.63725430164538466 302.23168056917751301 2000
8.882938983079235129 852.47764138925003863 372.46788725111838403 2000
0 989.70007679995774197 383.75403670271452938 2000
# Layered model 56532: value=0.208451
9
0.86350464173037588811 171.76782569677263268 98.180389031870078043 2000
0.97135902381935734784 274.18670088629011161 103.18857559522325573 2000
2.4436625064111421324 337.90548032272010914 104.22046135117548715 2000
2.6542281997125378723 469.24599029824008767 173.1183300976476005 2000
5.9084738227879398664 508.12616718353837086 183.76859583704853662 2000
3.0907085895127242026 698.64333708673984802 213.34963473874984174 2000
10.985108511442334134 756.53062240675535577 305.25399737486930007 2000
14.341196544278677294 1172.1061866843242569 350.88159847011718284 2000
0 1244.2143358095074746 376.19256612362960368 2000
# Layered model 59469: value=0.216833
9
0.67333366999999999525 203.4253971399818397 97.20830597214859381 2000
1.6333890740403673725 233.83224833003146159 99.162192922188779676 2000
1.7238424501657969579 324.72052488315904384 102.16690652992402022 2000
3.6275086747855418423 404.18478730871169091 164.71615098369039742 2000
4.4389439664125918128 437.67420725009782245 189.33696805950694397 2000
2.4701864434559634986 869.61244198117378801 215.4831310861373197 2000
8.6177785502783468274 887.09165206499551459 276.34246169135525406 2000
16.070818612312411489 1082.4203983706943291 347.40752323773978105 2000
0 1219.6983980095162678 365.12879840321380698 2000
# Layered model 55981: value=0.220507
9
0.72912387968466496613 178.74228820904264126 96.245847497176825414 2000
1.0875728188794271389 205.45965111138164616 100.1538148514106723 2000
2.1344504381932489778 238.5322765214651497 101.15535299992477292 2000
0.89432786324265922673 459.99999048940310331 159.87187334933227589 2000
8.2538618811700263933 613.8717705289989226 181.94910478915696217 2000
1.7606682036953262838 620.0104882342889141 209.1458040768060016 2000
14.578770938909435984 705.62977045760726469 302.23168056917751301 2000
17.51695177647379964 852.47764138925003863 361.51366178536022744 2000
0 895.96256858564538561 391.46749284043909256 2000
# Layered model 50335: value=0.223699
9
0.78171948747534747426 193.55228536646876591 93.415271359706366638 2000
1.146740665580747276 199.41711316535813125 102.16690652992402022 2000
2.0226869837012464437 211.68528399970762166 103.18857559522325573 2000
0.94278261324265955068 248.21764346266547818 149.11538271277470358 2000
3.6455269070624991556 508.12616718353837086 193.14264111750304664 2000
6.9239242228687789549 658.15362684466185783 207.07505354139206588 2000
11.187159016520613619 691.72607632350479889 299.23928769225494761 2000
9.6015341198250858668 771.73688791713107094 361.51366178536022744 2000
0 819.2142574861400135 372.46788725111838403 2000
# Layered model 55682: value=0.224705
9
0.68006700669999997633 222.48336094196545787 94.34942407330342462 2000
0.93215907098246575391 255.73888627722772071 98.180389031870078043 2000
2.709085355998018585 279.69785357410455617 102.16690652992402022 2000
1.6502129034745598446 318.32224770430252647 169.7072150746471948 2000
3.6509491677500598428 334.55988150764369493 187.46234461337320454 2000
5.0904028167437598285 544.78002716810840411 197.0248082039648807 2000
7.1284262819917643128 803.07250023148708351 305.25399737486930007 2000
19.416939236054460594 1029.8858686153439521 350.88159847011718284 2000
0 1660.4088544183136946 376.19256612362960368 2000
# Layered model 52545: value=0.229259
9
0.87213968814767961479 218.09955979018278072 97.20830597214859381 2000
0.99960473707960317835 238.5322765214651497 99.162192922188779676 2000
2.4067817467335923531 260.87923789139995279 101.15535299992477292 2000
0.81411675054742360658 315.1705422814876556 178.36398861793642823 2000
7.3709266503265844506 369.56224738829411081 193.14264111750304664 2000
3.788599140497074913 613.8717705289989226 228.73968576253147944 2000
11.480489971580865927 1195.665521036679138 343.96784478984136513 2000
20.166879244120760717 1564.1802498786680644 365.12879840321380698 2000
0 1660.4088544183136946 368.78008638724594448 2000
# Layered model 46605: value=0.230618
9
0.73641511848151164354 170.067154155220436 100.1538148514106723 2000
0.9412738029814339269 268.78413967874729451 102.16690652992402022 2000
2.5584756052309902685 288.17297823525353806 104.22046135117548715 2000
3.7328578502550477936 478.67783470323479378 174.84951339862408304 2000
5.1303145042210429594 601.77607149200957792 181.94910478915696217 2000
1.613539440478836795 613.8717705289989226 250.1692255969292944 2000
14.725899702125925472 869.61244198117378801 287.56307376929566999 2000
12.648756476898174839 923.11113037635902856 354.39041445481836945 2000
0 1040.1847273014973325 387.59157706974167468 2000
# Layered model 51080: value=0.230989
9
0.87213968814767961479 175.2203589932777561 94.34942407330342462 2000
0.57293678327981745202 191.63592610541462591 103.18857559522325573 2000
2.7910880552664387722 263.4880302703139705 105.26266596468724401 2000
2.5599871953660704449 362.28041112468793017 168.0269456184625767 2000
5.6674178507748766975 376.99044856079888177 197.0248082039648807 2000
2.2493067488139804055 503.09521503320638658 213.34963473874984174 2000
7.1284262819917643128 1050.5865745745122695 293.34309155205852448 2000
27.021016037766536044 1126.3710070503418592 354.39041445481836945 2000
0 1374.3866840889882042 387.59157706974167468 2000
# Layered model 59987: value=0.233901
9
0.74377926966632679218 165.06550430914893468 98.180389031870078043 2000
1.6328394802412076192 185.99994186690551601 103.18857559522325573 2000
1.734960804702172954 215.94015820810176365 107.37844555057746732 2000
1.1353755410935146841 341.28453512594728636 161.47059208282558984 2000
7.4671322255456429318 523.52289817536689043 200.98500684886460022 2000
4.7104373047218288661 664.73516311310845595 222.01248544117834172 2000
4.6351910037063390746 878.30856640098556909 317.6485337368184787 2000
20.44869219600266419 989.70007679995774197 343.96784478984136513 2000
0 1137.6347171208453801 383.75403670271452938 2000
# Layered model 55111: value=0.234473
9
0.70067371707001668835 209.58939009872042902 97.20830597214859381 2000
1.7724452843249509648 231.51707755448666148 99.162192922188779676 2000
2.0236550049517929573 302.87269629249999525 105.26266596468724401 2000
1.0178285316607329491 384.56795657687092671 181.94910478915696217 2000
4.3994415365697401299 433.34079925752257623 195.07406752867808564 2000
6.6647932298926981787 561.28740677132930159 200.98500684886460022 2000
9.807835860333920408 803.07250023148708351 324.03326926492854909 2000
21.038611913447219592 904.92219427150200772 357.93431859936657702 2000
0 1745.106393268675447 379.95449178486586561 2000
# Layered model 53409: value=0.237248
9
0.73641511848151164354 231.51707755448666148 92.490367682877590028 2000
1.5474687865089507 263.4880302703139705 100.1538148514106723 2000
1.74668128921570176 285.31978043094409259 104.22046135117548715 2000
0.81490980579383620608 384.56795657687092671 143.2969518470092396 2000
4.9704102223536956728 544.78002716810840411 176.59800853261032216 2000
6.9287404551609341752 613.8717705289989226 209.1458040768060016 2000
14.195823786115589371 658.15362684466185783 311.38960272210420044 2000
12.422377359345635028 684.87730329059877477 376.19256612362960368 2000
0 970.1990753847248925 387.59157706974167468 2000
# Layered model 47131: value=0.237442
9
0.69373635353467000275 173.4855039537403627 97.20830597214859381 2000
0.91848972414779572748 250.69981989729214433 99.162192922188779676 2000
2.7959437158149960112 308.96043748797927719 103.18857559522325573 2000
0.83878530220576053011 459.99999048940310331 180.14762850411580075 2000
7.7226853807027451282 550.22782743978950748 181.94910478915696217 2000
1.1691444795052277073 620.0104882342889141 189.33696805950694397 2000
15.8917104659414683 638.79742603827605762 302.23168056917751301 2000
12.477912403827033927 658.15362684466185783 361.51366178536022744 2000
0 861.00241780314240714 383.75403670271452938 2000
# Layered model 49300: value=0.239053
9
0.67333366999999999525 185.99994186690551601 97.20830597214859381 2000
0.40952303562808001214 238.5322765214651497 99.162192922188779676 2000
1.6513564760828223221 312.05004186285907508 102.16690652992402022 2000
2.1112618182890980911 341.28453512594728636 109.53675230614408065 2000
3.6939816570624994796 362.28041112468793017 187.46234461337320454 2000
7.0785580316680913882 1040.1847273014973325 195.07406752867808564 2000
9.7390595789380984826 1219.6983980095162678 290.43870450698864261 2000
14.687768782755494357 1488.263836991702874 337.19031937049442149 2000
0 1815.9647107120208602 368.78008638724594448 2000
# Layered model 57002: value=0.244983
9
0.69373635353467000275 175.2203589932777561 97.20830597214859381 2000
1.415392114821409475 266.12291057301712272 102.16690652992402022 2000
2.2990413251413821527 293.96525509778211926 105.26266596468724401 2000
1.5633545436575824183 305.90142325542501567 183.76859583704853662 2000
6.99811613925092324 488.29925918076975222 185.60628179541902227 2000
1.7432358452428964313 787.24879936426543736 198.99505628600454088 2000
11.937663574803028865 844.03726870222760681 302.23168056917751301 2000
14.199204499285816183 941.66566409692381967 350.88159847011718284 2000
0 1082.4203983706943291 387.59157706974167468 2000
# Layered model 59827: value=0.245165
9
0.73641511848151164354 189.73854069843031311 95.29291831403645574 2000
0.63852556004958616054 271.47198107553475666 96.245847497176825414 2000
2.3844402487791622747 274.18670088629011161 102.16690652992402022 2000
1.23291681066474057 299.87395672524752399 125.90967217770926823 2000
4.1631556318472551226 424.8022735589869967 185.60628179541902227 2000
6.3079275101090228617 1115.2188188617246851 198.99505628600454088 2000
6.8169319060425230816 1444.494217701140542 296.27652246757912735 2000
19.807219714699161983 1533.3597195163886227 320.82501907418668452 2000
0 1677.0129429624969362 379.95449178486586561 2000
# Layered model 41632: value=0.24599
9
0.75121706236299001791 161.81306176761978577 95.29291831403645574 2000
0.31030308823800989426 305.90142325542501567 103.18857559522325573 2000
2.375831545726744487 442.0509493225987967 105.26266596468724401 2000
1.5055173511722568236 607.79383220692966461 111.73844102749757212 2000
4.6796044574051025577 764.0959286308228684 183.76859583704853662 2000
7.4587191487275728008 979.90106613857187767 197.0248082039648807 2000
3.9078698463673227081 999.59707756795728528 317.6485337368184787 2000
24.585704291693478041 1347.3058367699129576 324.03326926492854909 2000
0 1815.9647107120208602 379.95449178486586561 2000
# Layered model 47147: value=0.248802
9
0.76631652531648608573 205.45965111138164616 96.245847497176825414 2000
0.44179242512704552936 258.29627513999997745 100.1538148514106723 2000
2.4045822281252116071 334.55988150764369493 103.18857559522325573 2000
1.3796065594062576487 355.14205580304667365 113.98438369215026 2000
3.2960147620249991007 404.18478730871169091 187.46234461337320454 2000
7.1750683799312788835 1115.2188188617246851 193.14264111750304664 2000
5.9475617763187216269 1430.1922947536045285 290.43870450698864261 2000
22.385512434955614935 1548.6933167115525976 320.82501907418668452 2000
0 1834.1243578191408687 376.19256612362960368 2000
# Layered model 45353: value=0.24909
9
0.9166275773342911215 168.38332094576281861 95.29291831403645574 2000
0.58712479358981295441 222.48336094196545787 102.16690652992402022 2000
2.8607721770931844318 308.96043748797927719 105.26266596468724401 2000
2.9947339166812145805 424.8022735589869967 173.1183300976476005 2000
5.1043111081363798931 450.93617340398304805 189.33696805950694397 2000
2.6951216142362639516 734.28116871356564843 238.02743425063016502 2000
7.7967373566304463139 749.04022020470824827 262.93037032810690334 2000
22.168102933222641582 1307.6817714142887326 357.93431859936657702 2000
0 1946.9599645331365991 379.95449178486586561 2000
# Layered model 42872: value=0.24968
9
0.78953668235010099341 199.41711316535813125 96.245847497176825414 2000
1.1198298058242501796 240.9175992866797742 99.162192922188779676 2000
2.2022130664353563034 299.87395672524752399 103.18857559522325573 2000
2.1024126164464220778 412.3089015336167904 158.28898351419036317 2000
5.4110041956254653073 488.29925918076975222 183.76859583704853662 2000
6.3275087799806417621 664.73516311310845595 242.81178567906783883 2000
4.3278076393115654241 749.04022020470824827 250.1692255969292944 2000
10.213280964026200337 951.08232073789292826 361.51366178536022744 2000
0 1710.720903116043246 372.46788725111838403 2000
# Layered model 40749: value=0.250444
9
0.75121706236299001791 170.067154155220436 98.180389031870078043 2000
0.42136158256070854744 197.44268630233477779 100.1538148514106723 2000
3.1059475270371765809 276.92856789515303717 104.22046135117548715 2000
3.5334749817975641406 400.18295773139772109 173.1183300976476005 2000
4.6515684190764439165 469.24599029824008767 198.99505628600454088 2000
7.3671648187267440022 473.93845020122256528 242.81178567906783883 2000
2.0105682120790007161 528.75812715712061163 270.89742347941893286 2000
14.773292152799122334 979.90106613857187767 376.19256612362960368 2000
0 1029.8858686153439521 383.75403670271452938 2000
# Layered model 54777: value=0.251814
9
0.9166275773342911215 189.73854069843031311 98.180389031870078043 2000
1.436460293861287596 195.48780822013344505 100.1538148514106723 2000
1.6375707369293359683 245.76004303234205395 103.18857559522325573 2000
2.9420957635484983328 437.67420725009782245 169.7072150746471948 2000
2.9812897029038207819 550.22782743978950748 178.36398861793642823 2000
6.6647932298926981787 601.77607149200957792 215.4831310861373197 2000
4.8321053517800685029 684.87730329059877477 324.03326926492854909 2000
16.313110935904632015 932.34224168012246992 333.85180135692519343 2000
0 1643.9691627904096549 372.46788725111838403 2000
# Layered model 44624: value=0.251845
9
0.68686767676700000163 161.81306176761978577 97.20830597214859381 2000
1.73752111001367604 191.63592610541462591 102.16690652992402022 2000
1.9401357612366125771 334.55988150764369493 103.18857559522325573 2000
0.48095045198271169085 408.22663518179882658 181.94910478915696217 2000
6.2153101614506578443 412.3089015336167904 191.23033774010201569 2000
4.7134096741672397712 437.67420725009782245 193.14264111750304664 2000
6.7289210782156416712 979.90106613857187767 350.88159847011718284 2000
24.452611886415049014 1231.895381989611451 357.93431859936657702 2000
0 1627.6922403865441993 372.46788725111838403 2000
# Layered model 39099: value=0.252438
9
0.80540636966533807328 171.76782569677263268 97.20830597214859381 2000
0.39074110602132694492 285.31978043094409259 101.15535299992477292 2000
3.3006265306600957032 308.96043748797927719 105.26266596468724401 2000
0.96322850653194613813 348.14435428197884903 159.87187334933227589 2000
3.4261903276817262665 424.8022735589869967 185.60628179541902227 2000
6.272498346510714029 459.99999048940310331 200.98500684886460022 2000
6.4663608957413547529 904.92219427150200772 284.71591462306503217 2000
15.355688621191646348 1244.2143358095074746 343.96784478984136513 2000
0 1388.1305509298781544 376.19256612362960368 2000
# Layered model 53817: value=0.252591
9
0.70067371707001668835 171.76782569677263268 97.20830597214859381 2000
1.675945032837517612 184.1583582840648603 102.16690652992402022 2000
1.8176035537498278494 279.69785357410455617 104.22046135117548715 2000
0.69970744634263848383 384.56795657687092671 189.33696805950694397 2000
6.2774632630651643339 396.2207502291066703 191.23033774010201569 2000
4.2919878668661137766 408.22663518179882658 213.34963473874984174 2000
8.4241301139130584374 861.00241780314240714 340.56222256419937366 2000
23.068216806404251429 1093.244602354401195 357.93431859936657702 2000
0 1333.9661750197158199 376.19256612362960368 2000
# Layered model 37997: value=0.255471
9
0.71475725878312412753 168.38332094576281861 97.20830597214859381 2000
0.48139021690354089067 215.94015820810176365 99.162192922188779676 2000
1.4313776495633350194 318.32224770430252647 103.18857559522325573 2000
2.3153439222500011851 358.69347636107715971 111.73844102749757212 2000
3.5120385337499984146 429.0502962945768104 185.60628179541902227 2000
6.7037836058211475176 904.92219427150200772 191.23033774010201569 2000
11.227981977732705232 1082.4203983706943291 302.23168056917751301 2000
15.700859335869111533 1579.8220523774548383 317.6485337368184787 2000
0 1908.5971615852729428 372.46788725111838403 2000
# Layered model 56642: value=0.259027
9
0.77397969056965099099 163.43119238529598647 94.34942407330342462 2000
1.3351487777864283757 207.51424762249547484 105.26266596468724401 2000
2.4780306955182513917 337.90548032272010914 107.37844555057746732 2000
1.0382868851471132032 365.90321523593479469 187.46234461337320454 2000
7.2157821454399089234 550.22782743978950748 189.33696805950694397 2000
3.573462206003926056 584.07792624874639387 226.47493639854599223 2000
5.2103616823472229669 803.07250023148708351 311.38960272210420044 2000
23.051711755726344677 1219.6983980095162678 320.82501907418668452 2000
0 1946.9599645331365991 391.46749284043909256 2000
# Layered model 44574: value=0.259333
9
0.69373635353467000275 182.33500820204440629 97.20830597214859381 2000
1.0347882199375244561 266.12291057301712272 99.162192922188779676 2000
2.3020406207339698668 268.78413967874729451 101.15535299992477292 2000
4.0181474065123099493 318.32224770430252647 178.36398861793642823 2000
3.6925337296299360901 437.67420725009782245 189.33696805950694397 2000
3.2673588053655961971 705.62977045760726469 217.63796239699868806 2000
6.402337520535994031 844.03726870222760681 299.23928769225494761 2000
17.456187483800512439 1082.4203983706943291 337.19031937049442149 2000
0 1294.7344271428601132 372.46788725111838403 2000
# Layered model 47508: value=0.26006
9
0.78953668235010099341 165.06550430914893468 96.245847497176825414 2000
1.4493456870161010031 173.4855039537403627 104.22046135117548715 2000
1.5204985579440584154 302.87269629249999525 108.45223000608325492 2000
1.0860940726897401198 305.90142325542501567 136.34213282106580323 2000
7.3725130137583398948 376.99044856079888177 183.76859583704853662 2000
8.0113441390736745973 861.00241780314240714 276.34246169135525406 2000
10.711117310798204727 904.92219427150200772 337.19031937049442149 2000
9.1043935867939644879 1281.915274398871361 354.39041445481836945 2000
0 1762.5574572013624675 383.75403670271452938 2000
# Layered model 46904: value=0.26061
9
0.74377926966632679218 178.74228820904264126 98.180389031870078043 2000
0.39431401076696270813 213.80213683970470129 100.1538148514106723 2000
2.1000475069852266863 318.32224770430252647 104.22046135117548715 2000
1.6073342125814842341 355.14205580304667365 110.63211982920552146 2000
3.4428374999999995509 392.29777250406596067 183.76859583704853662 2000
7.8029436518138197698 951.08232073789292826 198.99505628600454088 2000
8.7661835772996852256 1595.6202729012293275 290.43870450698864261 2000
16.400802110581583548 1762.5574572013624675 333.85180135692519343 2000
0 1815.9647107120208602 372.46788725111838403 2000
# Layered model 59539: value=0.260667
9
0.82159503769561137432 170.067154155220436 96.245847497176825414 2000
1.6515239636993563899 229.22482926186793861 101.15535299992477292 2000
1.6795763487608366127 433.34079925752257623 102.16690652992402022 2000
2.7800590215176086417 464.5999903942971514 171.40428722539365936 2000
5.9084738227879398664 651.63725430164538466 183.76859583704853662 2000
2.4690499044805065409 999.59707756795728528 224.23261029559012059 2000
10.5564733615069688 1050.5865745745122695 279.10588630826879353 2000
18.36766818166884363 1160.501174934974415 357.93431859936657702 2000
0 1281.915274398871361 372.46788725111838403 2000
# Layered model 56522: value=0.260755
9
0.86350464173037588811 173.4855039537403627 97.20830597214859381 2000
0.49782276275585946035 201.41128429701171854 100.1538148514106723 2000
3.0031971435310533813 253.20681809626509562 104.22046135117548715 2000
0.48095045198271169085 376.99044856079888177 181.94910478915696217 2000
8.2538618811700263933 455.44553513802287625 191.23033774010201569 2000
6.5350536055246539746 518.33950314392757264 250.1692255969292944 2000
10.999717893137219704 1307.6817714142887326 343.96784478984136513 2000
6.3466323241722477633 1533.3597195163886227 368.78008638724594448 2000
0 1908.5971615852729428 383.75403670271452938 2000
# Layered model 53302: value=0.262959
9
0.72912387968466496613 161.81306176761978577 98.180389031870078043 2000
0.46702359600200005207 213.80213683970470129 101.15535299992477292 2000
3.2120223178107965012 388.41363614263957516 104.22046135117548715 2000
1.6833821828343982219 396.2207502291066703 168.0269456184625767 2000
6.1264360374264805742 473.93845020122256528 183.76859583704853662 2000
5.034016566410663529 578.29497648390736231 245.23990353585855928 2000
5.2511113336645358629 658.15362684466185783 268.21527077170190978 2000
13.390026676539704908 1115.2188188617246851 361.51366178536022744 2000
0 1677.0129429624969362 376.19256612362960368 2000
# Layered model 54438: value=0.263045
9
0.81346043336199147511 178.74228820904264126 96.245847497176825414 2000
1.2747855749113543578 201.41128429701171854 100.1538148514106723 2000
1.9024125998515688529 285.31978043094409259 103.18857559522325573 2000
2.5403096148977954982 404.18478730871169091 173.1183300976476005 2000
4.9789291697313435847 437.67420725009782245 185.60628179541902227 2000
3.6487937943170933863 503.09521503320638658 198.99505628600454088 2000
5.8303713129288521344 787.24879936426543736 324.03326926492854909 2000
20.681761758092040537 1207.6221762470458998 340.56222256419937366 2000
0 1360.7788951376121531 376.19256612362960368 2000
# Layered model 57623: value=0.263429
9
0.71475725878312412753 168.38332094576281861 99.162192922188779676 2000
1.3528130464380103692 187.85994128557456406 102.16690652992402022 2000
1.9629948889850297178 250.69981989729214433 104.22046135117548715 2000
0.96173254376883665628 321.5054701813455722 159.87187334933227589 2000
7.7217895832738641104 388.41363614263957516 193.14264111750304664 2000
2.9039273674817263071 566.90028083904257983 224.23261029559012059 2000
8.0329862952737034476 678.09633989168196422 340.56222256419937366 2000
22.83981862020222664 1019.6889788270731287 350.88159847011718284 2000
0 1195.665521036679138 379.95449178486586561 2000
# Layered model 55740: value=0.263491
9
0.68006700669999997633 197.44268630233477779 92.490367682877590028 2000
0.77946022944177217884 205.45965111138164616 100.1538148514106723 2000
2.375417247807424026 351.62579782479866708 101.15535299992477292 2000
1.8467560255624624332 437.67420725009782245 147.63899278492544909 2000
7.0323868117372061448 469.24599029824008767 187.46234461337320454 2000
1.7088872122761458172 620.0104882342889141 189.33696805950694397 2000
17.13937796432417926 684.87730329059877477 302.23168056917751301 2000
5.4183882061549581977 913.97141621421690161 376.19256612362960368 2000
0 1611.5764756302417027 379.95449178486586561 2000
# Layered model 51430: value=0.264907
9
0.76631652531648608573 205.45965111138164616 95.29291831403645574 2000
0.27428748468351393797 233.83224833003146159 97.20830597214859381 2000
3.0709755446097073417 274.18670088629011161 100.1538148514106723 2000
1.0834254906410079045 276.92856789515303717 166.3633124935273031 2000
6.0881018979451013706 473.93845020122256528 180.14762850411580075 2000
3.2840973356644447279 613.8717705289989226 245.23990353585855928 2000
9.0837967051440333677 727.01105813224319263 255.1976270314275439 2000
10.500092611112261665 941.66566409692381967 361.51366178536022744 2000
0 1762.5574572013624675 379.95449178486586561 2000
# Layered model 49232: value=0.265843
9
0.79743204917360199779 197.44268630233477779 95.29291831403645574 2000
1.2293989529057378629 233.83224833003146159 100.1538148514106723 2000
1.9243161346780013332 327.96773013199066327 103.18857559522325573 2000
1.8447555529955019793 337.90548032272010914 143.2969518470092396 2000
5.155369747327016583 446.47145881582486027 189.33696805950694397 2000
4.0573326986341466949 450.93617340398304805 202.99485691735324622 2000
6.8326974679266214707 727.01105813224319263 293.34309155205852448 2000
17.414498837810391763 1347.3058367699129576 333.85180135692519343 2000
0 1402.0118564391768814 376.19256612362960368 2000
# Layered model 59411: value=0.266576
9
0.69373635353467000275 187.85994128557456406 95.29291831403645574 2000
1.730652433246006261 193.55228536646876591 101.15535299992477292 2000
1.0129629095470682465 296.904907648759945 102.16690652992402022 2000
1.4081233036722560215 388.41363614263957516 123.42875421792889767 2000
6.6644223927540533481 513.20742885537379152 189.33696805950694397 2000
3.6487937943170933863 550.22782743978950748 200.98500684886460022 2000
14.280084836703641926 779.45425679630238847 293.34309155205852448 2000
16.135990767918688249 852.47764138925003863 357.93431859936657702 2000
0 887.09165206499551459 391.46749284043909256 2000
# Layered model 53901: value=0.268127
9
0.71475725878312412753 166.7161593522404246 96.245847497176825414 2000
1.1946092293912271565 231.51707755448666148 102.16690652992402022 2000
2.3267980385195849991 344.69738047720676377 105.26266596468724401 2000
1.1697785553641892875 351.62579782479866708 153.63372792435450265 2000
7.18226218650510706 412.3089015336167904 183.76859583704853662 2000
2.4203998671507740426 555.73010571418740255 209.1458040768060016 2000
6.8326974679266214707 651.63725430164538466 330.54633797715365517 2000
19.829521654451411905 1256.6564791676025834 337.19031937049442149 2000
0 1852.4656013973324207 376.19256612362960368 2000
# Layered model 55756: value=0.268614
9
0.72912387968466496613 166.7161593522404246 96.245847497176825414 2000
1.142620545542617716 173.4855039537403627 103.18857559522325573 2000
2.2809509249285215837 260.87923789139995279 105.26266596468724401 2000
1.3619071878516892937 362.28041112468793017 180.14762850411580075 2000
6.7033854757508466449 420.5963104544425164 187.46234461337320454 2000
4.1967023867069386256 584.07792624874639387 222.01248544117834172 2000
7.7116957033175026481 771.73688791713107094 343.96784478984136513 2000
23.29889897446829039 941.66566409692381967 350.88159847011718284 2000
0 1579.8220523774548383 372.46788725111838403 2000
# Layered model 57802: value=0.269326
9
0.68686767676700000163 182.33500820204440629 97.20830597214859381 2000
1.6897510731405342987 211.68528399970762166 101.15535299992477292 2000
1.9879057981097543184 369.56224738829411081 104.22046135117548715 2000
0.88243054768593331971 380.76035304640686263 181.94910478915696217 2000
5.924437917361943029 408.22663518179882658 187.46234461337320454 2000
5.4074442914047669007 429.0502962945768104 207.07505354139206588 2000
5.2624652991706959426 1137.6347171208453801 337.19031937049442149 2000
27.509639224180610029 1374.3866840889882042 354.39041445481836945 2000
0 1745.106393268675447 368.78008638724594448 2000
# Layered model 44634: value=0.270871
9
0.86350464173037588811 182.33500820204440629 92.490367682877590028 2000
0.41892735328685815066 189.73854069843031311 104.22046135117548715 2000
3.0820925530000549131 213.80213683970470129 106.31529262433411986 2000
2.9947339166812145805 337.90548032272010914 191.23033774010201569 2000
4.3819878656499069436 433.34079925752257623 200.98500684886460022 2000
2.1189487053453408549 442.0509493225987967 209.1458040768060016 2000
7.3387580893062480669 869.61244198117378801 299.23928769225494761 2000
23.924578351924235875 1320.7585891284315949 350.88159847011718284 2000
0 1815.9647107120208602 379.95449178486586561 2000
# Layered model 54013: value=0.272896
9
0.70768045424071690519 193.55228536646876591 97.20830597214859381 2000
0.58757586072668943622 248.21764346266547818 99.162192922188779676 2000
1.5784292181266497135 276.92856789515303717 101.15535299992477292 2000
2.118612204880944816 285.31978043094409259 111.73844102749757212 2000
4.1631556318472551226 464.5999903942971514 197.0248082039648807 2000
7.2592370306430229476 787.24879936426543736 198.99505628600454088 2000
6.7702924286733292547 1093.244602354401195 290.43870450698864261 2000
15.297324240218333813 1307.6817714142887326 340.56222256419937366 2000
0 1889.7001599854190772 368.78008638724594448 2000
# Layered model 48485: value=0.272968
9
0.85495509082215437324 180.52971109113306625 97.20830597214859381 2000
0.96174160774193784285 207.51424762249547484 99.162192922188779676 2000
2.2138684956420719985 282.49483210984561765 104.22046135117548715 2000
2.902189177467248804 334.55988150764369493 173.1183300976476005 2000
4.925904421978481551 437.67420725009782245 187.46234461337320454 2000
3.1499463420621118814 478.67783470323479378 200.98500684886460022 2000
6.6164469470984954569 869.61244198117378801 324.03326926492854909 2000
20.462480417860462012 1727.828112147203683 343.96784478984136513 2000
0 1927.6831332011258837 376.19256612362960368 2000
# Layered model 48647: value=0.273055
9
0.70768045424071690519 163.43119238529598647 98.180389031870078043 2000
0.4532885011292817623 224.70819455138510534 100.1538148514106723 2000
2.8296896527549160183 253.20681809626509562 104.22046135117548715 2000
2.0405809724016794604 355.14205580304667365 164.71615098369039742 2000
6.8099886139347587388 369.56224738829411081 187.46234461337320454 2000
4.0708437398284242903 795.12128735790793144 250.1692255969292944 2000
6.0433566094118162937 869.61244198117378801 317.6485337368184787 2000
14.768625048453039028 1473.5285514769334441 365.12879840321380698 2000
0 1745.106393268675447 372.46788725111838403 2000
# Layered model 50590: value=0.274525
9
0.82159503769561137432 171.76782569677263268 100.1538148514106723 2000
1.1652993864582361638 282.49483210984561765 102.16690652992402022 2000
1.8863995046348409623 355.14205580304667365 103.18857559522325573 2000
2.0982304083663554373 369.56224738829411081 149.11538271277470358 2000
6.7425629840938210435 493.18225177257750147 187.46234461337320454 2000
5.0606702497038433819 595.81789256634613139 224.23261029559012059 2000
6.836568893516108858 827.40640006100136361 308.30653734861800785 2000
19.623093177648854635 989.70007679995774197 357.93431859936657702 2000
0 1244.2143358095074746 379.95449178486586561 2000
# Layered model 53821: value=0.276765
9
0.82159503769561137432 195.48780822013344505 96.245847497176825414 2000
0.71238275588406718697 238.5322765214651497 98.180389031870078043 2000
2.6187175565761258156 291.05470801760606037 100.1538148514106723 2000
3.7374258151402193207 299.87395672524752399 173.1183300976476005 2000
4.0871242162923904218 566.90028083904257983 195.07406752867808564 2000
4.1140107702254056221 719.81292884380513897 226.47493639854599223 2000
6.411859762019719966 771.73688791713107094 299.23928769225494761 2000
13.748958102443438634 1149.0110642920537884 333.85180135692519343 2000
0 1195.665521036679138 372.46788725111838403 2000
# Layered model 47127: value=0.277579
9
0.68006700669999997633 193.55228536646876591 91.574621468195630314 2000
0.82368536422410409958 201.41128429701171854 100.1538148514106723 2000
2.5671184752241211768 213.80213683970470129 103.18857559522325573 2000
3.5113805092891068327 424.8022735589869967 183.76859583704853662 2000
3.4785338060133259575 433.34079925752257623 197.0248082039648807 2000
3.3621893720743525336 595.81789256634613139 202.99485691735324622 2000
10.683039592879630675 698.64333708673984802 290.43870450698864261 2000
13.761116013645871448 1548.6933167115525976 357.93431859936657702 2000
0 1927.6831332011258837 368.78008638724594448 2000
# Layered model 48067: value=0.277677
9
0.75872923298661987257 197.44268630233477779 96.245847497176825414 2000
0.3027909176143800396 226.95527649689896066 97.20830597214859381 2000
3.0911751995548044647 258.29627513999997745 101.15535299992477292 2000
0.74123439984419636772 344.69738047720676377 174.84951339862408304 2000
4.6332717400050524859 362.28041112468793017 181.94910478915696217 2000
4.7529713154652544205 645.1854002986588057 211.23726211757403348 2000
8.2229431083632320565 827.40640006100136361 262.93037032810690334 2000
10.643599070541462481 1360.7788951376121531 340.56222256419937366 2000
0 1966.4295641784678992 376.19256612362960368 2000
# Layered model 43924: value=0.278175
9
0.898566392838242467 171.76782569677263268 98.180389031870078043 2000
0.27401225208545609835 176.97256258321053224 100.1538148514106723 2000
3.0635858817702374957 218.09955979018278072 103.18857559522325573 2000
1.3335840366936322354 400.18295773139772109 176.59800853261032216 2000
6.7704193305083553156 503.09521503320638658 197.0248082039648807 2000
5.6123372527663129006 523.52289817536689043 245.23990353585855928 2000
13.297348811604287278 1207.6221762470458998 337.19031937049442149 2000
16.64968397076706097 1416.0319750035687321 350.88159847011718284 2000
0 1762.5574572013624675 379.95449178486586561 2000
# Layered model 58761: value=0.278445
9
0.72190483137095540211 166.7161593522404246 97.20830597214859381 2000
1.7024839554097206396 199.41711316535813125 101.15535299992477292 2000
1.6871907678290312127 334.55988150764369493 103.18857559522325573 2000
0.68592044539029295436 358.69347636107715971 169.7072150746471948 2000
5.5190940193218080978 365.90321523593479469 183.76859583704853662 2000
4.8420971677493387375 424.8022735589869967 191.23033774010201569 2000
7.1216215989026547817 960.5931439452720042 354.39041445481836945 2000
22.396451052565044648 1269.2230439592785842 365.12879840321380698 2000
0 1548.6933167115525976 368.78008638724594448 2000
# Layered model 34975: value=0.278592
9
0.81346043336199147511 175.2203589932777561 96.245847497176825414 2000
0.67540330022623029649 255.73888627722772071 102.16690652992402022 2000
2.6227158210214858158 288.17297823525353806 104.22046135117548715 2000
0.73389544539029305525 334.55988150764369493 166.3633124935273031 2000
7.7427302685632319879 388.41363614263957516 178.36398861793642823 2000
5.3642998780990041041 595.81789256634613139 284.71591462306503217 2000
11.194797847174189798 764.0959286308228684 317.6485337368184787 2000
10.501056462029104921 1281.915274398871361 357.93431859936657702 2000
0 1360.7788951376121531 387.59157706974167468 2000
# Layered model 55804: value=0.280151
9
0.75872923298661987257 222.48336094196545787 94.34942407330342462 2000
0.60259817149961547589 305.90142325542501567 98.180389031870078043 2000
1.4278434621770563773 315.1705422814876556 102.16690652992402022 2000
2.1047588833367090189 324.72052488315904384 107.37844555057746732 2000
3.9922630905604323814 420.5963104544425164 195.07406752867808564 2000
8.1949998130722434553 1333.9661750197158199 198.99505628600454088 2000
7.5301338108361406398 1444.494217701140542 308.30653734861800785 2000
23.767206843855106513 1710.720903116043246 330.54633797715365517 2000
0 1815.9647107120208602 372.46788725111838403 2000
# Layered model 57797: value=0.281123
9
0.76631652531648608573 157.0541635576591375 95.29291831403645574 2000
0.26398447468351382561 253.20681809626509562 101.15535299992477292 2000
1.8149322010832238394 302.87269629249999525 102.16690652992402022 2000
2.0486965489167769938 376.99044856079888177 112.85582543777255182 2000
3.312320249999999966 469.24599029824008767 187.46234461337320454 2000
7.1040280989418587154 887.09165206499551459 191.23033774010201569 2000
14.128497924832929655 1360.7788951376121531 305.25399737486930007 2000
12.648756476898174839 1745.106393268675447 317.6485337368184787 2000
0 1986.0938598202526464 379.95449178486586561 2000
# Layered model 57898: value=0.281313
9
0.70067371707001668835 161.81306176761978577 97.20830597214859381 2000
0.80307865385408738756 226.95527649689896066 100.1538148514106723 2000
2.5268128232820599166 308.96043748797927719 104.22046135117548715 2000
1.5948808548152797471 404.18478730871169091 150.60653653990246426 2000
5.8844513437326098071 437.67420725009782245 180.14762850411580075 2000
4.9047930077112251723 578.29497648390736231 242.81178567906783883 2000
6.5407381432363145279 638.79742603827605762 270.89742347941893286 2000
12.937714046671651147 1029.8858686153439521 343.96784478984136513 2000
0 1281.915274398871361 372.46788725111838403 2000
# Layered model 52225: value=0.281387
9
0.74377926966632679218 187.85994128557456406 98.180389031870078043 2000
0.91729887039599544707 231.51707755448666148 100.1538148514106723 2000
2.0610811939082323008 291.05470801760606037 101.15535299992477292 2000
2.2493650031844891757 344.69738047720676377 150.60653653990246426 2000
6.2464636766032963777 645.1854002986588057 178.36398861793642823 2000
1.2345807362416607589 698.64333708673984802 183.76859583704853662 2000
17.181539629831899418 756.53062240675535577 287.56307376929566999 2000
8.2330217602186124282 932.34224168012246992 357.93431859936657702 2000
0 1009.5930483436369514 379.95449178486586561 2000
# Layered model 56988: value=0.282274
9
0.72190483137095540211 163.43119238529598647 97.20830597214859381 2000
0.47424264431570961609 180.52971109113306625 102.16690652992402022 2000
2.9565478744691393587 187.85994128557456406 105.26266596468724401 2000
0.74123439984419636772 446.47145881582486027 168.0269456184625767 2000
7.2030880854042971251 523.52289817536689043 198.99505628600454088 2000
6.3994661697069510353 578.29497648390736231 257.74960330174184264 2000
13.065868492737941153 1360.7788951376121531 324.03326926492854909 2000
17.299966143557973908 1518.177940115236197 361.51366178536022744 2000
0 1797.9848620911097896 368.78008638724594448 2000
# Layered model 56221: value=0.283199
9
0.69373635353467000275 165.06550430914893468 98.180389031870078043 2000
0.43308867659729977095 207.51424762249547484 101.15535299992477292 2000
3.1093394965619660653 348.14435428197884903 103.18857559522325573 2000
3.8125480740245381028 369.56224738829411081 163.08529800365386109 2000
4.0483052346858237058 446.47145881582486027 198.99505628600454088 2000
7.3429727454815250098 572.56928364743305337 245.23990353585855928 2000
1.5490719191141764099 589.91870551123383848 270.89742347941893286 2000
16.361485611044191302 749.04022020470824827 361.51366178536022744 2000
0 1183.8272485511674859 387.59157706974167468 2000
# Layered model 53449: value=0.283227
9
0.68686767676700000163 170.067154155220436 96.245847497176825414 2000
1.6429222947137707145 240.9175992866797742 102.16690652992402022 2000
2.0783798220166906923 266.12291057301712272 104.22046135117548715 2000
0.73539955823591984796 373.25786986217713093 174.84951339862408304 2000
6.1395375914624352731 384.56795657687092671 189.33696805950694397 2000
4.4910878924220813957 493.18225177257750147 193.14264111750304664 2000
7.4107879935207101596 835.68046406161136019 347.40752323773978105 2000
23.30583677506791318 989.70007679995774197 365.12879840321380698 2000
0 1762.5574572013624675 372.46788725111838403 2000
# Layered model 56859: value=0.283341
9
0.79743204917360199779 185.99994186690551601 96.245847497176825414 2000
1.4638391438862619065 337.90548032272010914 101.15535299992477292 2000
2.1468986004375976151 442.0509493225987967 105.26266596468724401 2000
2.8060822060109229525 446.47145881582486027 164.71615098369039742 2000
4.4107443671732102786 464.5999903942971514 187.46234461337320454 2000
7.4319496002685294656 578.29497648390736231 235.67072698082193938 2000
2.5681061158623776919 684.87730329059877477 245.23990353585855928 2000
12.187911872748443898 1244.2143358095074746 361.51366178536022744 2000
0 1815.9647107120208602 376.19256612362960368 2000
# Layered model 51287: value=0.28338
9
0.85495509082215437324 189.73854069843031311 96.245847497176825414 2000
0.46633587607609694459 205.45965111138164616 99.162192922188779676 2000
3.0868788265992099795 358.69347636107715971 101.15535299992477292 2000
3.0990097663414815088 396.2207502291066703 180.14762850411580075 2000
1.2910311733892081421 442.0509493225987967 189.33696805950694397 2000
6.5120673657137082557 550.22782743978950748 191.23033774010201569 2000
9.7957360274627820473 1244.2143358095074746 320.82501907418668452 2000
20.924500333205774183 1518.177940115236197 333.85180135692519343 2000
0 1710.720903116043246 372.46788725111838403 2000
# Layered model 53481: value=0.283645
9
0.78953668235010099341 231.51707755448666148 91.574621468195630314 2000
0.24076431764989891793 245.76004303234205395 97.20830597214859381 2000
3.0405698461482257855 274.18670088629011161 101.15535299992477292 2000
1.0217720763600732781 288.17297823525353806 173.1183300976476005 2000
4.5298305823968050277 362.28041112468793017 174.84951339862408304 2000
4.800501028619907018 566.90028083904257983 211.23726211757403348 2000
10.683039592879630675 1374.3866840889882042 290.43870450698864261 2000
7.71251556109536196 1627.6922403865441993 343.96784478984136513 2000
0 1889.7001599854190772 376.19256612362960368 2000
# Layered model 38808: value=0.284638
9
0.79743204917360199779 197.44268630233477779 96.245847497176825414 2000
0.27470330293340783356 207.51424762249547484 99.162192922188779676 2000
2.8790117846503315846 211.68528399970762166 100.1538148514106723 2000
2.5151580345522726034 334.55988150764369493 180.14762850411580075 2000
2.5985001453460849774 459.99999048940310331 193.14264111750304664 2000
6.0938858704154483803 498.1140742903033356 202.99485691735324622 2000
9.698748542042357812 844.03726870222760681 324.03326926492854909 2000
15.58785175181492022 895.96256858564538561 343.96784478984136513 2000
0 1745.106393268675447 365.12879840321380698 2000
# Layered model 57831: value=0.284993
9
0.72190483137095540211 195.48780822013344505 97.20830597214859381 2000
1.1313074708342751862 215.94015820810176365 98.180389031870078043 2000
2.1374463059196839865 260.87923789139995279 104.22046135117548715 2000
3.0114233072652325518 334.55988150764369493 168.0269456184625767 2000
3.111234445086089373 544.78002716810840411 195.07406752867808564 2000
5.818620423497840477 589.91870551123383848 198.99505628600454088 2000
11.526141121880204565 705.62977045760726469 337.19031937049442149 2000
19.497649894394307069 869.61244198117378801 343.96784478984136513 2000
0 1780.1830317733758875 383.75403670271452938 2000
# Layered model 52703: value=0.285388
9
0.79743204917360199779 185.99994186690551601 97.20830597214859381 2000
0.25357800092639792844 218.09955979018278072 98.180389031870078043 2000
3.1432122535573623345 334.55988150764369493 101.15535299992477292 2000
1.3755262597302060357 365.90321523593479469 174.84951339862408304 2000
3.141351172481888554 478.67783470323479378 185.60628179541902227 2000
6.906914952861134438 566.90028083904257983 193.14264111750304664 2000
8.5083714150521903008 1533.3597195163886227 299.23928769225494761 2000
9.3517960304359739609 1745.106393268675447 333.85180135692519343 2000
0 1815.9647107120208602 361.51366178536022744 2000
# Layered model 32940: value=0.286228
9
0.79743204917360199779 211.68528399970762166 95.29291831403645574 2000
0.2431719608263980259 233.83224833003146159 98.180389031870078043 2000
3.4561699963467606977 263.4880302703139705 103.18857559522325573 2000
2.5753287281972880862 351.62579782479866708 185.60628179541902227 2000
1.8140901060163843184 446.47145881582486027 191.23033774010201569 2000
6.272498346510714029 503.09521503320638658 200.98500684886460022 2000
9.698748542042357812 1360.7788951376121531 311.38960272210420044 2000
17.230092771559458953 1402.0118564391768814 330.54633797715365517 2000
0 1908.5971615852729428 372.46788725111838403 2000
# Layered model 42705: value=0.28677
9
0.73641511848151164354 209.58939009872042902 94.34942407330342462 2000
0.34644158714656836384 238.5322765214651497 98.180389031870078043 2000
3.1956694663327951389 305.90142325542501567 100.1538148514106723 2000
0.66434287553912607649 348.14435428197884903 180.14762850411580075 2000
4.8730161748536948707 376.99044856079888177 181.94910478915696217 2000
4.607089311171314705 518.33950314392757264 211.23726211757403348 2000
6.566087966474988491 1458.9391598781519406 265.55967403138799909 2000
12.489119634218756261 1503.1464753616198777 337.19031937049442149 2000
0 1815.9647107120208602 372.46788725111838403 2000
# Layered model 52846: value=0.287162
9
0.81346043336199147511 197.44268630233477779 92.490367682877590028 2000
0.21684056663800843623 211.68528399970762166 96.245847497176825414 2000
3.6027297555130743945 245.76004303234205395 105.26266596468724401 2000
2.3690511598770731538 351.62579782479866708 191.23033774010201569 2000
2.0627234012655515372 365.90321523593479469 195.07406752867808564 2000
6.0938858704154483803 811.10322523380193616 200.98500684886460022 2000
8.2581414703588489346 1307.6817714142887326 308.30653734861800785 2000
18.67069984324296783 1416.0319750035687321 327.27360195757785277 2000
0 1533.3597195163886227 376.19256612362960368 2000
# Layered model 43282: value=0.28748
9
0.73641511848151164354 158.62470519323574081 94.34942407330342462 2000
0.87581095920095408669 189.73854069843031311 102.16690652992402022 2000
2.4586447684657599666 331.24740743331057047 104.22046135117548715 2000
3.0719529157412637232 400.18295773139772109 166.3633124935273031 2000
4.4821726047921055525 416.4319905489529674 189.33696805950694397 2000
2.9422079121786666178 705.62977045760726469 209.1458040768060016 2000
7.9359116349732783391 727.01105813224319263 265.55967403138799909 2000
21.731303728284132148 1009.5930483436369514 354.39041445481836945 2000
0 1627.6922403865441993 379.95449178486586561 2000
# Layered model 40483: value=0.28769
9
0.77397969056965099099 218.09955979018278072 93.415271359706366638 2000
1.0977647346576318022 266.12291057301712272 98.180389031870078043 2000
2.3644201014666532679 282.49483210984561765 103.18857559522325573 2000
0.85647839581436269185 344.69738047720676377 161.47059208282558984 2000
3.4468137345542011474 355.14205580304667365 189.33696805950694397 2000
6.7708214418793595257 513.20742885537379152 195.07406752867808564 2000
6.1006645573081410561 904.92219427150200772 293.34309155205852448 2000
17.844858785201019202 1333.9661750197158199 347.40752323773978105 2000
0 1908.5971615852729428 372.46788725111838403 2000
# Layered model 49513: value=0.288031
9
0.94440230955509751887 175.2203589932777561 99.162192922188779676 2000
1.143843698718248314 218.09955979018278072 101.15535299992477292 2000
1.5970602629846291087 274.18670088629011161 102.16690652992402022 2000
1.1121937287420253782 312.05004186285907508 129.72486115436603882 2000
7.6660695728348828837 412.3089015336167904 189.33696805950694397 2000
6.5933763941152410126 678.09633989168196422 257.74960330174184264 2000
12.505406530899065842 835.68046406161136019 324.03326926492854909 2000
17.299966143557973908 869.61244198117378801 350.88159847011718284 2000
0 1374.3866840889882042 395.38216776884348747 2000
# Layered model 58397: value=0.288102
9
0.76631652531648608573 163.43119238529598647 97.20830597214859381 2000
0.7984942219141442088 302.87269629249999525 101.15535299992477292 2000
2.3472161208459452197 321.5054701813455722 104.22046135117548715 2000
2.0003734657402998387 341.28453512594728636 150.60653653990246426 2000
7.186936547353151461 469.24599029824008767 187.46234461337320454 2000
0.89946010488066185928 835.68046406161136019 202.99485691735324622 2000
16.031698435801974512 861.00241780314240714 293.34309155205852448 2000
15.544271369840814145 1040.1847273014973325 357.93431859936657702 2000
0 1050.5865745745122695 387.59157706974167468 2000
# Layered model 56104: value=0.288135
9
0.70768045424071690519 195.48780822013344505 93.415271359706366638 2000
0.93695136760316644065 268.78413967874729451 101.15535299992477292 2000
2.5915327048500529372 344.69738047720676377 102.16690652992402022 2000
3.4984900809876871008 392.29777250406596067 174.84951339862408304 2000
4.2425907739067909574 437.67420725009782245 185.60628179541902227 2000
2.3029274238818935316 483.46461305026713262 200.98500684886460022 2000
6.9187803195296915248 1115.2188188617246851 299.23928769225494761 2000
20.888579375672964744 1137.6347171208453801 320.82501907418668452 2000
0 1710.720903116043246 376.19256612362960368 2000
# Layered model 51616: value=0.288191
9
0.68686767676700000163 165.06550430914893468 100.1538148514106723 2000
1.7135172606396098516 231.51707755448666148 102.16690652992402022 2000
2.1413568090036187996 299.87395672524752399 104.22046135117548715 2000
0.25575825358977155588 369.56224738829411081 174.84951339862408304 2000
6.4856069431958163207 412.3089015336167904 195.07406752867808564 2000
4.8081492086180031009 595.81789256634613139 200.98500684886460022 2000
6.6368909211580557894 960.5931439452720042 324.03326926492854909 2000
22.39538440395235952 1115.2188188617246851 357.93431859936657702 2000
0 1595.6202729012293275 376.19256612362960368 2000
# Layered model 54024: value=0.288491
9
0.72190483137095540211 191.63592610541462591 96.245847497176825414 2000
0.62594408396195089228 197.44268630233477779 99.162192922188779676 2000
2.3374573559250686472 348.14435428197884903 104.22046135117548715 2000
1.3569144440967759735 396.2207502291066703 119.79873281490448278 2000
3.1640292846452497955 404.18478730871169091 180.14762850411580075 2000
7.4117646887305905778 756.53062240675535577 195.07406752867808564 2000
9.2394250403829136786 1061.0924403202573103 290.43870450698864261 2000
16.400802110581583548 1627.6922403865441993 337.19031937049442149 2000
0 1780.1830317733758875 365.12879840321380698 2000
# Layered model 46102: value=0.288617
9
0.84649018893282612641 189.73854069843031311 95.29291831403645574 2000
0.26917815773249043065 201.41128429701171854 99.162192922188779676 2000
3.6104863270335707526 362.28041112468793017 104.22046135117548715 2000
0.95554583581277174886 373.25786986217713093 187.46234461337320454 2000
3.1165102237164923338 429.0502962945768104 191.23033774010201569 2000
7.2930454185856685712 671.38251474423952914 193.14264111750304664 2000
5.9684594778632131806 979.90106613857187767 296.27652246757912735 2000
14.554879126762717334 1040.1847273014973325 337.19031937049442149 2000
0 1307.6817714142887326 365.12879840321380698 2000
# Layered model 56907: value=0.288704
9
0.72912387968466496613 258.29627513999997745 93.415271359706366638 2000
1.6239639915109136403 266.12291057301712272 99.162192922188779676 2000
1.8830766554983573435 293.96525509778211926 101.15535299992477292 2000
1.2784380113135576096 341.28453512594728636 163.08529800365386109 2000
3.2836081952206574996 408.22663518179882658 185.60628179541902227 2000
7.4539579801038069462 464.5999903942971514 200.98500684886460022 2000
6.0281440726418438203 1333.9661750197158199 296.27652246757912735 2000
17.764530264450382191 1374.3866840889882042 354.39041445481836945 2000
0 1870.9902574113059472 372.46788725111838403 2000
# Layered model 57725: value=0.288953
9
0.75121706236299001791 168.38332094576281861 96.245847497176825414 2000
1.4654981548312693285 263.4880302703139705 99.162192922188779676 2000
1.9359801329615451415 327.96773013199066327 104.22046135117548715 2000
2.8493865652343428607 373.25786986217713093 169.7072150746471948 2000
4.1693110976750178409 493.18225177257750147 189.33696805950694397 2000
4.7605437709089120091 671.38251474423952914 197.0248082039648807 2000
6.5711791298594626198 999.59707756795728528 320.82501907418668452 2000
21.29333917737207571 1071.7033647234597993 340.56222256419937366 2000
0 1402.0118564391768814 372.46788725111838403 2000
# Layered model 40037: value=0.288964
9
0.70067371707001668835 191.63592610541462591 95.29291831403645574 2000
0.43741956336327281196 260.87923789139995279 99.162192922188779676 2000
1.5690484836369109622 334.55988150764369493 101.15535299992477292 2000
2.2357272834298007602 380.76035304640686263 109.53675230614408065 2000
4.121936269155697552 429.0502962945768104 191.23033774010201569 2000
7.8472666176340784006 1019.6889788270731287 197.0248082039648807 2000
8.6985730760555988184 1579.8220523774548383 305.25399737486930007 2000
19.964121781348101337 1677.0129429624969362 327.27360195757785277 2000
0 1986.0938598202526464 376.19256612362960368 2000
# Layered model 47481: value=0.289331
9
0.74377926966632679218 185.99994186690551601 95.29291831403645574 2000
0.47641077028164025009 205.45965111138164616 100.1538148514106723 2000
2.691836828128608694 224.70819455138510534 101.15535299992477292 2000
1.0308421794234257085 302.87269629249999525 173.1183300976476005 2000
3.6819821761331246179 334.55988150764369493 176.59800853261032216 2000
5.0981141582418754155 455.44553513802287625 215.4831310861373197 2000
8.3367502478020316659 756.53062240675535577 268.21527077170190978 2000
16.807414510373479999 878.30856640098556909 368.78008638724594448 2000
0 1870.9902574113059472 383.75403670271452938 2000
# Layered model 54898: value=0.290291
9
0.74377926966632679218 171.76782569677263268 95.29291831403645574 2000
1.243115154487520746 178.74228820904264126 102.16690652992402022 2000
2.4212753693436139812 318.32224770430252647 106.31529262433411986 2000
3.5608525834515223352 365.90321523593479469 180.14762850411580075 2000
3.7722239533994263994 408.22663518179882658 183.76859583704853662 2000
2.9716299913004533551 416.4319905489529674 200.98500684886460022 2000
8.7039563357811324806 638.79742603827605762 343.96784478984136513 2000
18.67069984324296783 1762.5574572013624675 347.40752323773978105 2000
0 1797.9848620911097896 383.75403670271452938 2000
# Layered model 51357: value=0.291725
9
0.67333366999999999525 168.38332094576281861 97.20830597214859381 2000
0.35696732999999991609 222.48336094196545787 102.16690652992402022 2000
3.1223943501558046876 248.21764346266547818 105.26266596468724401 2000
2.5095453341496618549 279.69785357410455617 169.7072150746471948 2000
6.4370961968645605822 459.99999048940310331 197.0248082039648807 2000
6.9297048543072161664 513.20742885537379152 287.56307376929566999 2000
2.0306738941997899417 1126.3710070503418592 302.23168056917751301 2000
11.418466504541722628 1269.2230439592785842 368.78008638724594448 2000
0 1710.720903116043246 376.19256612362960368 2000
# Layered model 41943: value=0.291991
9
0.75121706236299001791 191.63592610541462591 95.29291831403645574 2000
1.1965276922236656176 250.69981989729214433 99.162192922188779676 2000
2.0034023821706856694 312.05004186285907508 102.16690652992402022 2000
1.4547959453007841546 341.28453512594728636 141.8781701455536961 2000
5.3295460239901641941 450.93617340398304805 187.46234461337320454 2000
3.8317151728119718257 483.46461305026713262 193.14264111750304664 2000
6.6317488461397378074 1333.9661750197158199 299.23928769225494761 2000
20.471871133092040651 1360.7788951376121531 340.56222256419937366 2000
0 1927.6831332011258837 365.12879840321380698 2000
# Layered model 57528: value=0.29239
9
0.75872923298661987257 180.52971109113306625 100.1538148514106723 2000
1.3295167752867258493 213.80213683970470129 101.15535299992477292 2000
2.4085279980734148886 240.9175992866797742 105.26266596468724401 2000
0.59586891616153803142 282.49483210984561765 169.7072150746471948 2000
4.6260553174458554082 369.56224738829411081 202.99485691735324622 2000
6.2132385440199229265 555.73010571418740255 215.4831310861373197 2000
5.0571257160259222019 1071.7033647234597993 324.03326926492854909 2000
23.687701338538847295 1374.3866840889882042 354.39041445481836945 2000
0 1627.6922403865441993 372.46788725111838403 2000
# Layered model 47680: value=0.29253
9
0.79743204917360199779 201.41128429701171854 90.66794204771844079 2000
1.0012775533651030457 205.45965111138164616 101.15535299992477292 2000
2.1133172655378702487 245.76004303234205395 103.18857559522325573 2000
1.4403920250502815215 268.78413967874729451 147.63899278492544909 2000
3.3586808427425998147 412.3089015336167904 183.76859583704853662 2000
6.5991783630724025755 469.24599029824008767 209.1458040768060016 2000
5.6787844010581398635 895.96256858564538561 299.23928769225494761 2000
16.734991092154633208 1660.4088544183136946 340.56222256419937366 2000
0 1727.828112147203683 376.19256612362960368 2000
# Layered model 49798: value=0.293185
9
0.69373635353467000275 195.48780822013344505 95.29291831403645574 2000
0.95089546830921334308 250.69981989729214433 99.162192922188779676 2000
2.719892726173405606 305.90142325542501567 103.18857559522325573 2000
3.5255966172787349677 327.96773013199066327 181.94910478915696217 2000
2.9527228318127489715 433.34079925752257623 185.60628179541902227 2000
3.7243602817514886993 803.07250023148708351 219.8143420209686667 2000
7.0578478039522405396 989.70007679995774197 279.10588630826879353 2000
18.820239398115923279 1518.177940115236197 330.54633797715365517 2000
0 1693.7830723921217668 368.78008638724594448 2000
# Layered model 40138: value=0.293471
9
0.84649018893282612641 180.52971109113306625 99.162192922188779676 2000
1.3482773528436684529 195.48780822013344505 100.1538148514106723 2000
1.5273917921940602938 215.94015820810176365 107.37844555057746732 2000
2.6801230138607463616 376.99044856079888177 150.60653653990246426 2000
4.0174776116837254136 589.91870551123383848 195.07406752867808564 2000
4.4402451253503265605 705.62977045760726469 222.01248544117834172 2000
8.3249777442732550981 827.40640006100136361 260.3270993347592821 2000
18.07325901055648032 1360.7788951376121531 354.39041445481836945 2000
0 1402.0118564391768814 365.12879840321380698 2000
# Layered model 52913: value=0.293573
9
0.68686767676700000163 171.76782569677263268 100.1538148514106723 2000
1.5970162282234623419 250.69981989729214433 101.15535299992477292 2000
1.8688114451653419223 291.05470801760606037 106.31529262433411986 2000
1.042309695094910893 296.904907648759945 137.70555414927645188 2000
5.6478389518580573991 544.78002716810840411 197.0248082039648807 2000
6.2383486565239039123 589.91870551123383848 207.07505354139206588 2000
7.2864573111879344935 678.09633989168196422 311.38960272210420044 2000
15.677193085603573053 1256.6564791676025834 357.93431859936657702 2000
0 1518.177940115236197 368.78008638724594448 2000
# Layered model 46451: value=0.293876
9
0.75121706236299001791 193.55228536646876591 94.34942407330342462 2000
1.5326668426274725476 224.70819455138510534 102.16690652992402022 2000
2.3491468505226116292 302.87269629249999525 106.31529262433411986 2000
0.40918995984167683133 334.55988150764369493 187.46234461337320454 2000
5.3775392441602756222 384.56795657687092671 191.23033774010201569 2000
6.1590773449549054419 513.20742885537379152 197.0248082039648807 2000
8.5271768219347094941 1126.3710070503418592 350.88159847011718284 2000
21.849713673843947248 1172.1061866843242569 361.51366178536022744 2000
0 1834.1243578191408687 379.95449178486586561 2000
# Layered model 51735: value=0.294527
9
0.82981098807256747918 180.52971109113306625 98.180389031870078043 2000
0.37829796237096413591 203.4253971399818397 100.1538148514106723 2000
2.7039179176330438992 236.17057081333183532 101.15535299992477292 2000
1.2829781771741397556 321.5054701813455722 169.7072150746471948 2000
4.9183113152255213407 365.90321523593479469 173.1183300976476005 2000
3.2060586395237642421 483.46461305026713262 224.23261029559012059 2000
7.8795781249999983231 584.07792624874639387 299.23928769225494761 2000
11.947761859375003013 1347.3058367699129576 343.96784478984136513 2000
0 1548.6933167115525976 376.19256612362960368 2000
# Layered model 55968: value=0.294726
9
0.70768045424071690519 175.2203589932777561 99.162192922188779676 2000
1.2990829141546691439 263.4880302703139705 101.15535299992477292 2000
2.4900106379513746724 279.69785357410455617 103.18857559522325573 2000
3.085477349090571586 308.96043748797927719 183.76859583704853662 2000
4.2764074382145622621 513.20742885537379152 187.46234461337320454 2000
2.1401381923987941036 584.07792624874639387 209.1458040768060016 2000
12.918248309365722548 727.01105813224319263 305.25399737486930007 2000
18.657721496277066109 1009.5930483436369514 361.51366178536022744 2000
0 1071.7033647234597993 391.46749284043909256 2000
# Layered model 55027: value=0.294808
9
0.68006700669999997633 171.76782569677263268 100.1538148514106723 2000
0.49251163822369858902 250.69981989729214433 101.15535299992477292 2000
3.2796728465087379156 433.34079925752257623 103.18857559522325573 2000
0.44167825856756426361 488.29925918076975222 161.47059208282558984 2000
7.2030880854042971251 544.78002716810840411 180.14762850411580075 2000
7.5373726512903829189 566.90028083904257983 238.02743425063016502 2000
2.6459222992791211482 601.77607149200957792 270.89742347941893286 2000
14.334281970465948319 645.1854002986588057 372.46788725111838403 2000
0 1693.7830723921217668 387.59157706974167468 2000
# Layered model 50588: value=0.295261
9
0.73641511848151164354 178.74228820904264126 96.245847497176825414 2000
0.55884119648589469787 233.83224833003146159 99.162192922188779676 2000
3.0260551187130779738 299.87395672524752399 104.22046135117548715 2000
1.7702405426513756481 400.18295773139772109 181.94910478915696217 2000
6.62253534491700524 424.8022735589869967 185.60628179541902227 2000
3.2178494627252121063 478.67783470323479378 260.3270993347592821 2000
6.1277788457029558344 518.33950314392757264 273.60639771421313071 2000
12.091377965439523479 1256.6564791676025834 357.93431859936657702 2000
0 1908.5971615852729428 383.75403670271452938 2000
