# 60000 /scratch/04709/vantaj94/Reports_2020-02-17/VS2_Tar5_LN3_Sd0.report
# Layered model 36401: value=0.0181816
3
3.9972033155047759223 187.85994128557456406 100.1538148514106723 2000
9.9943985570099158622 351.62579782479866708 200.98500684886460022 2000
0 698.64333708673984802 399.33598944653192575 2000
# Layered model 52002: value=0.0207668
3
3.9972033155047759223 187.85994128557456406 100.1538148514106723 2000
9.9943985570099158622 351.62579782479866708 200.98500684886460022 2000
0 719.81292884380513897 395.38216776884348747 2000
# Layered model 34218: value=0.0224416
3
3.9972033155047759223 185.99994186690551601 100.1538148514106723 2000
10.134314575735061226 355.14205580304667365 202.99485691735324622 2000
0 698.64333708673984802 399.33598944653192575 2000
# Layered model 53400: value=0.0229452
3
3.9972033155047759223 187.85994128557456406 100.1538148514106723 2000
9.8558678454008585845 348.14435428197884903 200.98500684886460022 2000
0 705.62977045760726469 399.33598944653192575 2000
# Layered model 35216: value=0.0252784
3
3.9972033155047759223 187.85994128557456406 100.1538148514106723 2000
9.8558678454008585845 348.14435428197884903 200.98500684886460022 2000
0 727.01105813224319263 395.38216776884348747 2000
# Layered model 36145: value=0.0262355
3
3.9972033155047759223 187.85994128557456406 100.1538148514106723 2000
9.9943985570099158622 351.62579782479866708 200.98500684886460022 2000
0 705.62977045760726469 399.33598944653192575 2000
# Layered model 35082: value=0.0262738
3
3.9972033155047759223 185.99994186690551601 100.1538148514106723 2000
10.134314575735061226 355.14205580304667365 202.99485691735324622 2000
0 684.87730329059877477 403.32934934099722568 2000
# Layered model 34200: value=0.0273728
3
3.9972033155047759223 185.99994186690551601 100.1538148514106723 2000
9.9943985570099158622 351.62579782479866708 202.99485691735324622 2000
0 705.62977045760726469 399.33598944653192575 2000
# Layered model 34002: value=0.0280559
3
3.9972033155047759223 185.99994186690551601 100.1538148514106723 2000
10.134314575735061226 355.14205580304667365 202.99485691735324622 2000
0 719.81292884380513897 395.38216776884348747 2000
# Layered model 33979: value=0.0282739
3
3.9972033155047759223 187.85994128557456406 100.1538148514106723 2000
9.7187087249958530322 348.14435428197884903 200.98500684886460022 2000
0 779.45425679630238847 387.59157706974167468 2000
# Layered model 34163: value=0.0289223
3
3.9972033155047759223 185.99994186690551601 100.1538148514106723 2000
9.9943985570099158622 351.62579782479866708 202.99485691735324622 2000
0 684.87730329059877477 403.32934934099722568 2000
# Layered model 37392: value=0.0289844
3
3.9972033155047759223 187.85994128557456406 100.1538148514106723 2000
9.8558678454008585845 348.14435428197884903 200.98500684886460022 2000
0 684.87730329059877477 403.32934934099722568 2000
# Layered model 52100: value=0.0290828
3
3.9972033155047759223 187.85994128557456406 100.1538148514106723 2000
10.134314575735061226 355.14205580304667365 200.98500684886460022 2000
0 691.72607632350479889 399.33598944653192575 2000
# Layered model 34211: value=0.0291175
3
3.9972033155047759223 187.85994128557456406 100.1538148514106723 2000
9.7187087249958530322 348.14435428197884903 200.98500684886460022 2000
0 771.73688791713107094 387.59157706974167468 2000
# Layered model 34719: value=0.0293887
3
3.9972033155047759223 185.99994186690551601 100.1538148514106723 2000
10.134314575735061226 355.14205580304667365 202.99485691735324622 2000
0 678.09633989168196422 403.32934934099722568 2000
# Layered model 34821: value=0.0294842
3
3.9972033155047759223 187.85994128557456406 100.1538148514106723 2000
9.9943985570099158622 351.62579782479866708 200.98500684886460022 2000
0 749.04022020470824827 391.46749284043909256 2000
# Layered model 34700: value=0.0297322
3
3.9972033155047759223 187.85994128557456406 100.1538148514106723 2000
10.134314575735061226 355.14205580304667365 200.98500684886460022 2000
0 712.68606816218334643 395.38216776884348747 2000
# Layered model 34207: value=0.0298188
3
3.9972033155047759223 185.99994186690551601 100.1538148514106723 2000
10.134314575735061226 355.14205580304667365 202.99485691735324622 2000
0 705.62977045760726469 399.33598944653192575 2000
# Layered model 52213: value=0.0298724
3
3.9972033155047759223 187.85994128557456406 100.1538148514106723 2000
10.134314575735061226 355.14205580304667365 200.98500684886460022 2000
0 698.64333708673984802 399.33598944653192575 2000
# Layered model 34960: value=0.0303164
3
3.9972033155047759223 187.85994128557456406 100.1538148514106723 2000
10.134314575735061226 355.14205580304667365 200.98500684886460022 2000
0 719.81292884380513897 395.38216776884348747 2000
# Layered model 36606: value=0.0305674
3
3.9972033155047759223 187.85994128557456406 100.1538148514106723 2000
9.9943985570099158622 351.62579782479866708 200.98500684886460022 2000
0 678.09633989168196422 403.32934934099722568 2000
# Layered model 33801: value=0.0310781
3
3.9972033155047759223 185.99994186690551601 100.1538148514106723 2000
10.275629754647461311 358.69347636107715971 202.99485691735324622 2000
0 691.72607632350479889 399.33598944653192575 2000
# Layered model 35483: value=0.0313215
3
3.9972033155047759223 187.85994128557456406 100.1538148514106723 2000
9.8558678454008585845 348.14435428197884903 200.98500684886460022 2000
0 734.28116871356564843 395.38216776884348747 2000
# Layered model 33828: value=0.0314037
3
3.9972033155047759223 185.99994186690551601 100.1538148514106723 2000
10.134314575735061226 355.14205580304667365 202.99485691735324622 2000
0 727.01105813224319263 395.38216776884348747 2000
# Layered model 37287: value=0.0317149
3
3.9972033155047759223 187.85994128557456406 100.1538148514106723 2000
9.8558678454008585845 348.14435428197884903 200.98500684886460022 2000
0 691.72607632350479889 403.32934934099722568 2000
# Layered model 53211: value=0.0319164
3
3.9972033155047759223 187.85994128557456406 100.1538148514106723 2000
9.8558678454008585845 348.14435428197884903 200.98500684886460022 2000
0 698.64333708673984802 399.33598944653192575 2000
# Layered model 34213: value=0.0319714
3
3.9972033155047759223 187.85994128557456406 100.1538148514106723 2000
9.5829076156839647638 344.69738047720676377 200.98500684886460022 2000
0 787.24879936426543736 387.59157706974167468 2000
# Layered model 32669: value=0.0319939
3
3.9972033155047759223 187.85994128557456406 100.1538148514106723 2000
9.5829076156839647638 344.69738047720676377 200.98500684886460022 2000
0 835.68046406161136019 383.75403670271452938 2000
# Layered model 34585: value=0.0321826
3
3.9972033155047759223 187.85994128557456406 100.1538148514106723 2000
9.8558678454008585845 351.62579782479866708 200.98500684886460022 2000
0 771.73688791713107094 387.59157706974167468 2000
# Layered model 34409: value=0.0324514
3
3.9972033155047759223 185.99994186690551601 100.1538148514106723 2000
9.9943985570099158622 351.62579782479866708 202.99485691735324622 2000
0 691.72607632350479889 403.32934934099722568 2000
# Layered model 32800: value=0.0324549
3
3.9972033155047759223 187.85994128557456406 100.1538148514106723 2000
9.5829076156839647638 344.69738047720676377 200.98500684886460022 2000
0 827.40640006100136361 383.75403670271452938 2000
# Layered model 32601: value=0.0324829
3
3.9972033155047759223 185.99994186690551601 100.1538148514106723 2000
9.8558678454008585845 351.62579782479866708 202.99485691735324622 2000
0 779.45425679630238847 387.59157706974167468 2000
# Layered model 51678: value=0.0325081
3
3.9972033155047759223 187.85994128557456406 100.1538148514106723 2000
10.134314575735061226 355.14205580304667365 200.98500684886460022 2000
0 678.09633989168196422 403.32934934099722568 2000
# Layered model 35271: value=0.0326184
3
3.9972033155047759223 185.99994186690551601 100.1538148514106723 2000
10.275629754647461311 358.69347636107715971 202.99485691735324622 2000
0 678.09633989168196422 403.32934934099722568 2000
# Layered model 33636: value=0.0326267
3
3.9972033155047759223 185.99994186690551601 100.1538148514106723 2000
9.9943985570099158622 351.62579782479866708 202.99485691735324622 2000
0 727.01105813224319263 395.38216776884348747 2000
# Layered model 34815: value=0.0328473
3
3.9972033155047759223 187.85994128557456406 100.1538148514106723 2000
9.8558678454008585845 348.14435428197884903 200.98500684886460022 2000
0 756.53062240675535577 391.46749284043909256 2000
# Layered model 34365: value=0.0328875
3
3.9972033155047759223 187.85994128557456406 100.1538148514106723 2000
9.5829076156839647638 344.69738047720676377 200.98500684886460022 2000
0 779.45425679630238847 387.59157706974167468 2000
# Layered model 34405: value=0.0328991
3
3.9972033155047759223 185.99994186690551601 100.1538148514106723 2000
10.275629754647461311 358.69347636107715971 202.99485691735324622 2000
0 698.64333708673984802 399.33598944653192575 2000
# Layered model 52119: value=0.0329209
3
3.9972033155047759223 187.85994128557456406 100.1538148514106723 2000
9.9943985570099158622 351.62579782479866708 200.98500684886460022 2000
0 712.68606816218334643 395.38216776884348747 2000
# Layered model 35304: value=0.0331148
3
3.9972033155047759223 187.85994128557456406 100.1538148514106723 2000
9.7187087249958530322 348.14435428197884903 200.98500684886460022 2000
0 741.62398040070127081 391.46749284043909256 2000
# Layered model 35291: value=0.0335277
3
3.9972033155047759223 187.85994128557456406 100.1538148514106723 2000
9.8558678454008585845 348.14435428197884903 200.98500684886460022 2000
0 719.81292884380513897 395.38216776884348747 2000
# Layered model 35554: value=0.0335348
3
3.9972033155047759223 185.99994186690551601 100.1538148514106723 2000
9.9943985570099158622 351.62579782479866708 202.99485691735324622 2000
0 671.38251474423952914 407.36264283440721101 2000
# Layered model 36601: value=0.0335759
3
3.9972033155047759223 187.85994128557456406 100.1538148514106723 2000
9.9943985570099158622 351.62579782479866708 200.98500684886460022 2000
0 691.72607632350479889 399.33598944653192575 2000
# Layered model 35162: value=0.0336139
3
3.9972033155047759223 187.85994128557456406 100.1538148514106723 2000
9.9943985570099158622 351.62579782479866708 200.98500684886460022 2000
0 756.53062240675535577 391.46749284043909256 2000
# Layered model 53217: value=0.0336271
3
3.9972033155047759223 187.85994128557456406 100.1538148514106723 2000
9.8558678454008585845 348.14435428197884903 200.98500684886460022 2000
0 712.68606816218334643 399.33598944653192575 2000
# Layered model 41549: value=0.0338133
3
4.0371753486598240812 193.55228536646876591 100.1538148514106723 2000
9.9544265238548668151 348.14435428197884903 198.99505628600454088 2000
0 727.01105813224319263 395.38216776884348747 2000
# Layered model 43424: value=0.0340893
3
4.0371753486598240812 191.63592610541462591 100.1538148514106723 2000
10.094342542580013955 351.62579782479866708 200.98500684886460022 2000
0 727.01105813224319263 395.38216776884348747 2000
# Layered model 35801: value=0.0342926
3
3.9972033155047759223 185.99994186690551601 100.1538148514106723 2000
10.275629754647461311 358.69347636107715971 202.99485691735324622 2000
0 712.68606816218334643 395.38216776884348747 2000
# Layered model 43201: value=0.0343021
3
4.0371753486598240812 191.63592610541462591 100.1538148514106723 2000
10.094342542580013955 351.62579782479866708 200.98500684886460022 2000
0 705.62977045760726469 399.33598944653192575 2000
# Layered model 35200: value=0.0343542
3
3.9972033155047759223 189.73854069843031311 100.1538148514106723 2000
9.8558678454008585845 348.14435428197884903 198.99505628600454088 2000
0 698.64333708673984802 399.33598944653192575 2000
# Layered model 33730: value=0.0345848
3
3.9972033155047759223 185.99994186690551601 100.1538148514106723 2000
9.8558678454008585845 351.62579782479866708 202.99485691735324622 2000
0 741.62398040070127081 391.46749284043909256 2000
# Layered model 34202: value=0.0346778
3
3.9972033155047759223 187.85994128557456406 100.1538148514106723 2000
9.7187087249958530322 348.14435428197884903 200.98500684886460022 2000
0 787.24879936426543736 387.59157706974167468 2000
# Layered model 34919: value=0.0349018
3
3.9972033155047759223 187.85994128557456406 100.1538148514106723 2000
9.9943985570099158622 351.62579782479866708 200.98500684886460022 2000
0 741.62398040070127081 391.46749284043909256 2000
# Layered model 34151: value=0.0349884
3
3.9972033155047759223 185.99994186690551601 100.1538148514106723 2000
9.9943985570099158622 351.62579782479866708 202.99485691735324622 2000
0 698.64333708673984802 399.33598944653192575 2000
# Layered model 35659: value=0.0350574
3
3.9972033155047759223 185.99994186690551601 100.1538148514106723 2000
10.275629754647461311 358.69347636107715971 202.99485691735324622 2000
0 719.81292884380513897 395.38216776884348747 2000
# Layered model 33417: value=0.0352077
3
3.9972033155047759223 185.99994186690551601 100.1538148514106723 2000
10.134314575735061226 355.14205580304667365 202.99485691735324622 2000
0 691.72607632350479889 399.33598944653192575 2000
# Layered model 35667: value=0.0352158
3
3.9972033155047759223 189.73854069843031311 100.1538148514106723 2000
9.7187087249958530322 344.69738047720676377 198.99505628600454088 2000
0 727.01105813224319263 395.38216776884348747 2000
# Layered model 29089: value=0.0352233
3
3.9972033155047759223 187.85994128557456406 100.1538148514106723 2000
9.7187087249958530322 348.14435428197884903 200.98500684886460022 2000
0 887.09165206499551459 379.95449178486586561 2000
# Layered model 31812: value=0.0355833
3
3.9972033155047759223 185.99994186690551601 100.1538148514106723 2000
9.9943985570099158622 355.14205580304667365 202.99485691735324622 2000
0 771.73688791713107094 387.59157706974167468 2000
# Layered model 41503: value=0.0356845
3
4.0371753486598240812 193.55228536646876591 100.1538148514106723 2000
9.9544265238548668151 348.14435428197884903 198.99505628600454088 2000
0 705.62977045760726469 399.33598944653192575 2000
# Layered model 33000: value=0.0357408
3
3.9972033155047759223 187.85994128557456406 100.1538148514106723 2000
9.5829076156839647638 344.69738047720676377 200.98500684886460022 2000
0 844.03726870222760681 383.75403670271452938 2000
# Layered model 34216: value=0.0357814
3
3.9972033155047759223 187.85994128557456406 100.1538148514106723 2000
10.134314575735061226 355.14205580304667365 200.98500684886460022 2000
0 741.62398040070127081 391.46749284043909256 2000
# Layered model 30602: value=0.0357999
3
3.9972033155047759223 185.99994186690551601 100.1538148514106723 2000
9.8558678454008585845 351.62579782479866708 202.99485691735324622 2000
0 827.40640006100136361 383.75403670271452938 2000
# Layered model 37610: value=0.0360469
3
3.9972033155047759223 187.85994128557456406 100.1538148514106723 2000
10.134314575735061226 351.62579782479866708 200.98500684886460022 2000
0 678.09633989168196422 407.36264283440721101 2000
# Layered model 29013: value=0.0361153
3
3.9972033155047759223 187.85994128557456406 100.1538148514106723 2000
9.7187087249958530322 348.14435428197884903 200.98500684886460022 2000
0 895.96256858564538561 379.95449178486586561 2000
# Layered model 35475: value=0.0362709
3
3.9972033155047759223 189.73854069843031311 100.1538148514106723 2000
9.7187087249958530322 344.69738047720676377 198.99505628600454088 2000
0 705.62977045760726469 399.33598944653192575 2000
# Layered model 37084: value=0.0363652
3
3.9972033155047759223 187.85994128557456406 100.1538148514106723 2000
9.5829076156839647638 344.69738047720676377 200.98500684886460022 2000
0 749.04022020470824827 391.46749284043909256 2000
# Layered model 32412: value=0.0364276
3
3.9972033155047759223 189.73854069843031311 100.1538148514106723 2000
9.5829076156839647638 344.69738047720676377 198.99505628600454088 2000
0 819.2142574861400135 383.75403670271452938 2000
# Layered model 32475: value=0.0366102
3
3.9972033155047759223 185.99994186690551601 100.1538148514106723 2000
9.7187087249958530322 348.14435428197884903 202.99485691735324622 2000
0 787.24879936426543736 387.59157706974167468 2000
# Layered model 37800: value=0.0366294
3
3.9972033155047759223 187.85994128557456406 100.1538148514106723 2000
9.8558678454008585845 348.14435428197884903 200.98500684886460022 2000
0 671.38251474423952914 407.36264283440721101 2000
# Layered model 32482: value=0.036791
3
3.9972033155047759223 185.99994186690551601 100.1538148514106723 2000
9.8558678454008585845 351.62579782479866708 202.99485691735324622 2000
0 787.24879936426543736 387.59157706974167468 2000
# Layered model 34023: value=0.0367915
3
3.9972033155047759223 189.73854069843031311 100.1538148514106723 2000
9.8558678454008585845 348.14435428197884903 198.99505628600454088 2000
0 727.01105813224319263 395.38216776884348747 2000
# Layered model 33959: value=0.036898
3
3.9972033155047759223 185.99994186690551601 100.1538148514106723 2000
9.9943985570099158622 351.62579782479866708 202.99485691735324622 2000
0 734.28116871356564843 395.38216776884348747 2000
# Layered model 31200: value=0.0369069
3
3.9972033155047759223 185.99994186690551601 100.1538148514106723 2000
9.8558678454008585845 351.62579782479866708 202.99485691735324622 2000
0 819.2142574861400135 383.75403670271452938 2000
# Layered model 40011: value=0.0369092
3
4.0371753486598240812 193.55228536646876591 100.1538148514106723 2000
9.9544265238548668151 348.14435428197884903 198.99505628600454088 2000
0 756.53062240675535577 391.46749284043909256 2000
# Layered model 29002: value=0.0369121
3
3.9972033155047759223 187.85994128557456406 100.1538148514106723 2000
9.7187087249958530322 348.14435428197884903 200.98500684886460022 2000
0 878.30856640098556909 379.95449178486586561 2000
# Layered model 43003: value=0.0369401
3
4.0371753486598240812 191.63592610541462591 100.1538148514106723 2000
10.235657721492412264 355.14205580304667365 200.98500684886460022 2000
0 698.64333708673984802 399.33598944653192575 2000
# Layered model 34626: value=0.0369661
3
3.9972033155047759223 187.85994128557456406 100.1538148514106723 2000
9.8558678454008585845 351.62579782479866708 200.98500684886460022 2000
0 734.28116871356564843 391.46749284043909256 2000
# Layered model 35209: value=0.0370606
3
3.9972033155047759223 187.85994128557456406 100.1538148514106723 2000
9.7187087249958530322 348.14435428197884903 200.98500684886460022 2000
0 749.04022020470824827 391.46749284043909256 2000
# Layered model 34463: value=0.037086
3
3.9972033155047759223 187.85994128557456406 100.1538148514106723 2000
9.8558678454008585845 348.14435428197884903 200.98500684886460022 2000
0 764.0959286308228684 391.46749284043909256 2000
# Layered model 28401: value=0.0371789
3
3.9972033155047759223 187.85994128557456406 100.1538148514106723 2000
9.5829076156839647638 344.69738047720676377 200.98500684886460022 2000
0 904.92219427150200772 379.95449178486586561 2000
# Layered model 43514: value=0.0371883
3
4.0371753486598240812 191.63592610541462591 100.1538148514106723 2000
10.235657721492412264 355.14205580304667365 200.98500684886460022 2000
0 719.81292884380513897 395.38216776884348747 2000
# Layered model 33639: value=0.0372741
3
3.9972033155047759223 185.99994186690551601 100.1538148514106723 2000
9.8558678454008585845 351.62579782479866708 202.99485691735324622 2000
0 749.04022020470824827 391.46749284043909256 2000
# Layered model 42210: value=0.0373025
3
4.0371753486598240812 193.55228536646876591 100.1538148514106723 2000
10.094342542580013955 351.62579782479866708 198.99505628600454088 2000
0 719.81292884380513897 395.38216776884348747 2000
# Layered model 28000: value=0.0373041
3
3.9972033155047759223 187.85994128557456406 100.1538148514106723 2000
9.5829076156839647638 344.69738047720676377 200.98500684886460022 2000
0 895.96256858564538561 379.95449178486586561 2000
# Layered model 34146: value=0.0373146
3
3.9972033155047759223 187.85994128557456406 100.1538148514106723 2000
9.7187087249958530322 348.14435428197884903 200.98500684886460022 2000
0 764.0959286308228684 387.59157706974167468 2000
# Layered model 33003: value=0.03732
3
3.9972033155047759223 187.85994128557456406 100.1538148514106723 2000
9.5829076156839647638 344.69738047720676377 200.98500684886460022 2000
0 819.2142574861400135 383.75403670271452938 2000
# Layered model 32817: value=0.037381
3
3.9972033155047759223 185.99994186690551601 100.1538148514106723 2000
10.134314575735061226 355.14205580304667365 202.99485691735324622 2000
0 749.04022020470824827 391.46749284043909256 2000
# Layered model 33880: value=0.0373986
3
3.9972033155047759223 189.73854069843031311 100.1538148514106723 2000
9.8558678454008585845 348.14435428197884903 198.99505628600454088 2000
0 749.04022020470824827 391.46749284043909256 2000
# Layered model 34022: value=0.0374128
3
3.9972033155047759223 187.85994128557456406 100.1538148514106723 2000
9.5829076156839647638 344.69738047720676377 200.98500684886460022 2000
0 795.12128735790793144 387.59157706974167468 2000
# Layered model 42003: value=0.0374456
3
4.0371753486598240812 193.55228536646876591 100.1538148514106723 2000
9.9544265238548668151 348.14435428197884903 198.99505628600454088 2000
0 734.28116871356564843 395.38216776884348747 2000
# Layered model 43559: value=0.0375141
3
4.0371753486598240812 191.63592610541462591 100.1538148514106723 2000
10.094342542580013955 351.62579782479866708 200.98500684886460022 2000
0 734.28116871356564843 395.38216776884348747 2000
# Layered model 31601: value=0.037552
3
3.9972033155047759223 185.99994186690551601 100.1538148514106723 2000
9.9943985570099158622 355.14205580304667365 202.99485691735324622 2000
0 764.0959286308228684 387.59157706974167468 2000
# Layered model 35947: value=0.0376374
3
3.9972033155047759223 185.99994186690551601 100.1538148514106723 2000
10.418358085348984332 358.69347636107715971 202.99485691735324622 2000
0 671.38251474423952914 407.36264283440721101 2000
# Layered model 34029: value=0.0378212
3
3.9972033155047759223 185.99994186690551601 100.1538148514106723 2000
10.134314575735061226 355.14205580304667365 202.99485691735324622 2000
0 712.68606816218334643 395.38216776884348747 2000
# Layered model 34612: value=0.0378863
3
3.9972033155047759223 187.85994128557456406 100.1538148514106723 2000
9.8558678454008585845 351.62579782479866708 200.98500684886460022 2000
0 779.45425679630238847 387.59157706974167468 2000
# Layered model 32259: value=0.0379956
3
3.9972033155047759223 189.73854069843031311 100.1538148514106723 2000
9.4484510718108083438 341.28453512594728636 198.99505628600454088 2000
0 827.40640006100136361 383.75403670271452938 2000
# Layered model 32872: value=0.0381704
3
3.9972033155047759223 185.99994186690551601 100.1538148514106723 2000
9.9943985570099158622 355.14205580304667365 202.99485691735324622 2000
0 734.28116871356564843 391.46749284043909256 2000
# Layered model 42208: value=0.0382653
3
4.0371753486598240812 193.55228536646876591 100.1538148514106723 2000
10.094342542580013955 351.62579782479866708 198.99505628600454088 2000
0 727.01105813224319263 395.38216776884348747 2000
# Layered model 34034: value=0.0383153
3
3.9972033155047759223 187.85994128557456406 100.1538148514106723 2000
10.134314575735061226 355.14205580304667365 200.98500684886460022 2000
0 749.04022020470824827 391.46749284043909256 2000
