# 60000 /scratch/04709/vantaj94/Reports_2020-02-17/VS2_Tar5_LN5_Sd1.report
# Layered model 57139: value=0.0425364
5
3.9184426188655776535 483.46461305026713262 97.20830597214859381 2000
0.95461804586609622092 613.8717705289989226 139.08260969076923175 2000
9.9545590458931663136 705.62977045760726469 178.36398861793642823 2000
25.660665845228237458 887.09165206499551459 308.30653734861800785 2000
0 1061.0924403202573103 383.75403670271452938 2000
# Layered model 54803: value=0.0434077
5
3.8796461572926510541 473.93845020122256528 97.20830597214859381 2000
1.0421451140863400298 503.09521503320638658 139.08260969076923175 2000
9.9058284392458482159 678.09633989168196422 178.36398861793642823 2000
25.259791730813851984 878.30856640098556909 308.30653734861800785 2000
0 1149.0110642920537884 383.75403670271452938 2000
# Layered model 56600: value=0.0436056
5
3.9184426188655776535 478.67783470323479378 97.20830597214859381 2000
0.95461804586609622092 518.33950314392757264 141.8781701455536961 2000
9.8077509299463834225 584.07792624874639387 178.36398861793642823 2000
25.00969478298400972 941.66566409692381967 308.30653734861800785 2000
0 1294.7344271428601132 383.75403670271452938 2000
# Layered model 59920: value=0.045799
5
3.8796461572926510541 539.38616551297866408 97.20830597214859381 2000
0.99341450743902282028 691.72607632350479889 137.70555414927645188 2000
10.102835242999415044 734.28116871356564843 178.36398861793642823 2000
25.512389648121988728 878.30856640098556909 308.30653734861800785 2000
0 1082.4203983706943291 383.75403670271452938 2000
# Layered model 58525: value=0.0468755
5
3.7655463377135918179 498.1140742903033356 97.20830597214859381 2000
1.2551729382201175511 566.90028083904257983 133.65565417220449262 2000
10.256192139542772424 869.61244198117378801 180.14762850411580075 2000
28.566100098063557766 923.11113037635902856 311.38960272210420044 2000
0 1050.5865745745122695 387.59157706974167468 2000
# Layered model 53915: value=0.0469717
5
3.841233819101634861 544.78002716810840411 97.20830597214859381 2000
1.0805574522773562229 671.38251474423952914 134.99221071392653926 2000
9.9058284392458482159 719.81292884380513897 178.36398861793642823 2000
25.259791730813851984 861.00241780314240714 308.30653734861800785 2000
0 1082.4203983706943291 383.75403670271452938 2000
# Layered model 59829: value=0.047202
5
3.7282637007065266843 469.24599029824008767 97.20830597214859381 2000
1.24274548338625479 601.77607149200957792 131.02210976590970404 2000
10.305902231383701206 878.30856640098556909 180.14762850411580075 2000
28.566100098063557766 923.11113037635902856 311.38960272210420044 2000
0 1071.7033647234597993 387.59157706974167468 2000
# Layered model 59823: value=0.0476552
5
3.691350198719333342 455.44553513802287625 97.20830597214859381 2000
1.2796589853734481323 595.81789256634613139 129.72486115436603882 2000
10.305902231383701206 913.97141621421690161 180.14762850411580075 2000
28.566100098063557766 923.11113037635902856 311.38960272210420044 2000
0 1040.1847273014973325 387.59157706974167468 2000
# Layered model 59406: value=0.0478955
5
3.7655463377135918179 473.93845020122256528 97.20830597214859381 2000
1.2054628463791896564 578.29497648390736231 132.33233086356881358 2000
10.305902231383701206 887.09165206499551459 180.14762850411580075 2000
28.566100098063557766 904.92219427150200772 311.38960272210420044 2000
0 1115.2188188617246851 387.59157706974167468 2000
# Layered model 58322: value=0.0479607
5
3.7655463377135918179 483.46461305026713262 97.20830597214859381 2000
1.2054628463791896564 589.91870551123383848 132.33233086356881358 2000
10.305902231383701206 869.61244198117378801 180.14762850411580075 2000
28.566100098063557766 913.97141621421690161 311.38960272210420044 2000
0 1126.3710070503418592 387.59157706974167468 2000
# Layered model 57722: value=0.048016
5
3.7282637007065266843 483.46461305026713262 97.20830597214859381 2000
1.24274548338625479 601.77607149200957792 131.02210976590970404 2000
10.305902231383701206 878.30856640098556909 180.14762850411580075 2000
28.566100098063557766 913.97141621421690161 311.38960272210420044 2000
0 1160.501174934974415 387.59157706974167468 2000
# Layered model 59833: value=0.0481302
5
3.7282637007065266843 464.5999903942971514 97.20830597214859381 2000
1.24274548338625479 607.79383220692966461 131.02210976590970404 2000
10.305902231383701206 913.97141621421690161 180.14762850411580075 2000
29.004530213198961519 951.08232073789292826 311.38960272210420044 2000
0 1082.4203983706943291 387.59157706974167468 2000
# Layered model 58725: value=0.048186
5
3.7655463377135918179 503.09521503320638658 97.20830597214859381 2000
1.2551729382201175511 555.73010571418740255 133.65565417220449262 2000
10.256192139542772424 923.11113037635902856 180.14762850411580075 2000
29.004530213198961519 932.34224168012246992 311.38960272210420044 2000
0 1104.1770483779453116 387.59157706974167468 2000
# Layered model 58834: value=0.0482359
5
3.7655463377135918179 478.67783470323479378 97.20830597214859381 2000
1.2551729382201175511 620.0104882342889141 133.65565417220449262 2000
10.256192139542772424 913.97141621421690161 180.14762850411580075 2000
29.004530213198961519 941.66566409692381967 311.38960272210420044 2000
0 1137.6347171208453801 387.59157706974167468 2000
# Layered model 59229: value=0.0484492
5
3.7282637007065266843 464.5999903942971514 97.20830597214859381 2000
1.24274548338625479 613.8717705289989226 131.02210976590970404 2000
10.305902231383701206 932.34224168012246992 180.14762850411580075 2000
29.004530213198961519 951.08232073789292826 311.38960272210420044 2000
0 1071.7033647234597993 387.59157706974167468 2000
# Layered model 59273: value=0.0484663
5
3.7282637007065266843 483.46461305026713262 97.20830597214859381 2000
1.1935275706724643996 566.90028083904257983 129.72486115436603882 2000
10.355120144097490709 861.00241780314240714 180.14762850411580075 2000
28.566100098063557766 923.11113037635902856 311.38960272210420044 2000
0 1082.4203983706943291 387.59157706974167468 2000
# Layered model 57616: value=0.0484701
5
3.7282637007065266843 459.99999048940310331 97.20830597214859381 2000
1.24274548338625479 589.91870551123383848 131.02210976590970404 2000
10.305902231383701206 878.30856640098556909 180.14762850411580075 2000
28.566100098063557766 932.34224168012246992 311.38960272210420044 2000
0 1071.7033647234597993 387.59157706974167468 2000
# Layered model 59006: value=0.0485052
5
3.691350198719333342 459.99999048940310331 97.20830597214859381 2000
1.2796589853734481323 613.8717705289989226 129.72486115436603882 2000
10.305902231383701206 923.11113037635902856 180.14762850411580075 2000
29.004530213198961519 941.66566409692381967 311.38960272210420044 2000
0 1061.0924403202573103 387.59157706974167468 2000
# Layered model 58831: value=0.048519
5
3.7282637007065266843 469.24599029824008767 97.20830597214859381 2000
1.24274548338625479 620.0104882342889141 131.02210976590970404 2000
10.305902231383701206 923.11113037635902856 180.14762850411580075 2000
29.004530213198961519 951.08232073789292826 311.38960272210420044 2000
0 1071.7033647234597993 387.59157706974167468 2000
# Layered model 59737: value=0.0486602
5
3.7282637007065266843 488.29925918076975222 97.20830597214859381 2000
1.1935275706724643996 534.04570842869179614 129.72486115436603882 2000
10.355120144097490709 895.96256858564538561 180.14762850411580075 2000
29.004530213198961519 941.66566409692381967 311.38960272210420044 2000
0 1029.8858686153439521 387.59157706974167468 2000
# Layered model 59962: value=0.0486763
5
3.7282637007065266843 464.5999903942971514 97.20830597214859381 2000
1.2924555752271826847 632.47269904779807348 132.33233086356881358 2000
10.256192139542772424 913.97141621421690161 180.14762850411580075 2000
29.004530213198961519 941.66566409692381967 311.38960272210420044 2000
0 1149.0110642920537884 387.59157706974167468 2000
# Layered model 59945: value=0.048705
5
3.7282637007065266843 478.67783470323479378 97.20830597214859381 2000
1.24274548338625479 589.91870551123383848 131.02210976590970404 2000
10.305902231383701206 913.97141621421690161 180.14762850411580075 2000
29.004530213198961519 951.08232073789292826 311.38960272210420044 2000
0 1126.3710070503418592 387.59157706974167468 2000
# Layered model 59004: value=0.0487156
5
3.7282637007065266843 488.29925918076975222 97.20830597214859381 2000
1.24274548338625479 620.0104882342889141 131.02210976590970404 2000
10.305902231383701206 895.96256858564538561 180.14762850411580075 2000
28.566100098063557766 904.92219427150200772 311.38960272210420044 2000
0 1137.6347171208453801 387.59157706974167468 2000
# Layered model 57220: value=0.0487428
5
3.7655463377135918179 498.1140742903033356 97.20830597214859381 2000
1.2551729382201175511 584.07792624874639387 133.65565417220449262 2000
10.256192139542772424 895.96256858564538561 180.14762850411580075 2000
28.566100098063557766 941.66566409692381967 311.38960272210420044 2000
0 1093.244602354401195 387.59157706974167468 2000
# Layered model 59211: value=0.0487447
5
3.7655463377135918179 508.12616718353837086 97.20830597214859381 2000
1.3053801309794543783 566.90028083904257983 134.99221071392653926 2000
10.205984946783434708 869.61244198117378801 180.14762850411580075 2000
28.566100098063557766 932.34224168012246992 311.38960272210420044 2000
0 1050.5865745745122695 387.59157706974167468 2000
# Layered model 59814: value=0.0487641
5
3.7282637007065266843 478.67783470323479378 97.20830597214859381 2000
1.1935275706724643996 566.90028083904257983 129.72486115436603882 2000
10.355120144097490709 878.30856640098556909 180.14762850411580075 2000
28.132010875157220653 913.97141621421690161 311.38960272210420044 2000
0 1093.244602354401195 387.59157706974167468 2000
# Layered model 59873: value=0.0487674
5
3.7282637007065266843 464.5999903942971514 97.20830597214859381 2000
1.24274548338625479 626.21059311663179869 131.02210976590970404 2000
10.305902231383701206 887.09165206499551459 180.14762850411580075 2000
29.004530213198961519 960.5931439452720042 311.38960272210420044 2000
0 1082.4203983706943291 387.59157706974167468 2000
# Layered model 58406: value=0.0488133
5
3.7282637007065266843 473.93845020122256528 97.20830597214859381 2000
1.1935275706724643996 534.04570842869179614 129.72486115436603882 2000
10.355120144097490709 887.09165206499551459 180.14762850411580075 2000
28.566100098063557766 951.08232073789292826 311.38960272210420044 2000
0 1050.5865745745122695 387.59157706974167468 2000
# Layered model 58794: value=0.0488809
5
3.7282637007065266843 483.46461305026713262 97.20830597214859381 2000
1.1935275706724643996 607.79383220692966461 129.72486115436603882 2000
10.355120144097490709 878.30856640098556909 180.14762850411580075 2000
28.566100098063557766 904.92219427150200772 311.38960272210420044 2000
0 1137.6347171208453801 387.59157706974167468 2000
# Layered model 57626: value=0.0488822
5
3.7282637007065266843 483.46461305026713262 97.20830597214859381 2000
1.1935275706724643996 555.73010571418740255 129.72486115436603882 2000
10.355120144097490709 887.09165206499551459 180.14762850411580075 2000
29.004530213198961519 951.08232073789292826 311.38960272210420044 2000
0 1050.5865745745122695 387.59157706974167468 2000
# Layered model 59879: value=0.0488897
5
3.7282637007065266843 459.99999048940310331 97.20830597214859381 2000
1.24274548338625479 638.79742603827605762 131.02210976590970404 2000
10.305902231383701206 878.30856640098556909 180.14762850411580075 2000
29.004530213198961519 970.1990753847248925 311.38960272210420044 2000
0 1040.1847273014973325 387.59157706974167468 2000
# Layered model 59931: value=0.0489071
5
3.7282637007065266843 473.93845020122256528 97.20830597214859381 2000
1.24274548338625479 620.0104882342889141 131.02210976590970404 2000
10.305902231383701206 904.92219427150200772 180.14762850411580075 2000
29.004530213198961519 932.34224168012246992 311.38960272210420044 2000
0 1050.5865745745122695 387.59157706974167468 2000
# Layered model 59798: value=0.0489797
5
3.7282637007065266843 493.18225177257750147 97.20830597214859381 2000
1.1935275706724643996 578.29497648390736231 129.72486115436603882 2000
10.355120144097490709 895.96256858564538561 180.14762850411580075 2000
28.566100098063557766 923.11113037635902856 311.38960272210420044 2000
0 1093.244602354401195 387.59157706974167468 2000
# Layered model 59243: value=0.0489998
5
3.7282637007065266843 464.5999903942971514 97.20830597214859381 2000
1.2924555752271826847 595.81789256634613139 132.33233086356881358 2000
10.256192139542772424 904.92219427150200772 180.14762850411580075 2000
29.004530213198961519 960.5931439452720042 311.38960272210420044 2000
0 1115.2188188617246851 387.59157706974167468 2000
# Layered model 59221: value=0.0490575
5
3.7282637007065266843 483.46461305026713262 97.20830597214859381 2000
1.24274548338625479 651.63725430164538466 131.02210976590970404 2000
10.305902231383701206 844.03726870222760681 180.14762850411580075 2000
28.132010875157220653 913.97141621421690161 311.38960272210420044 2000
0 1093.244602354401195 387.59157706974167468 2000
# Layered model 59959: value=0.0490648
5
3.7282637007065266843 473.93845020122256528 97.20830597214859381 2000
1.24274548338625479 626.21059311663179869 131.02210976590970404 2000
10.305902231383701206 895.96256858564538561 180.14762850411580075 2000
29.004530213198961519 960.5931439452720042 311.38960272210420044 2000
0 1104.1770483779453116 387.59157706974167468 2000
# Layered model 59893: value=0.0490879
5
3.7282637007065266843 478.67783470323479378 97.20830597214859381 2000
1.24274548338625479 613.8717705289989226 131.02210976590970404 2000
10.305902231383701206 895.96256858564538561 180.14762850411580075 2000
29.004530213198961519 951.08232073789292826 311.38960272210420044 2000
0 1115.2188188617246851 387.59157706974167468 2000
# Layered model 59607: value=0.0491094
5
3.7282637007065266843 483.46461305026713262 97.20830597214859381 2000
1.24274548338625479 595.81789256634613139 131.02210976590970404 2000
10.305902231383701206 861.00241780314240714 180.14762850411580075 2000
28.566100098063557766 913.97141621421690161 311.38960272210420044 2000
0 1183.8272485511674859 387.59157706974167468 2000
# Layered model 58929: value=0.0491211
5
3.7655463377135918179 488.29925918076975222 97.20830597214859381 2000
1.156244933665399266 566.90028083904257983 131.02210976590970404 2000
10.355120144097490709 861.00241780314240714 180.14762850411580075 2000
28.566100098063557766 951.08232073789292826 311.38960272210420044 2000
0 1040.1847273014973325 387.59157706974167468 2000
# Layered model 59476: value=0.0491432
5
3.7282637007065266843 455.44553513802287625 97.20830597214859381 2000
1.24274548338625479 620.0104882342889141 131.02210976590970404 2000
10.305902231383701206 923.11113037635902856 180.14762850411580075 2000
29.004530213198961519 941.66566409692381967 311.38960272210420044 2000
0 1183.8272485511674859 387.59157706974167468 2000
# Layered model 59265: value=0.0491552
5
3.7282637007065266843 469.24599029824008767 97.20830597214859381 2000
1.24274548338625479 584.07792624874639387 131.02210976590970404 2000
10.305902231383701206 904.92219427150200772 180.14762850411580075 2000
29.004530213198961519 970.1990753847248925 311.38960272210420044 2000
0 1126.3710070503418592 387.59157706974167468 2000
# Layered model 59655: value=0.0491736
5
3.7282637007065266843 473.93845020122256528 97.20830597214859381 2000
1.2924555752271826847 607.79383220692966461 132.33233086356881358 2000
10.256192139542772424 904.92219427150200772 180.14762850411580075 2000
28.566100098063557766 923.11113037635902856 311.38960272210420044 2000
0 1231.895381989611451 387.59157706974167468 2000
# Layered model 59587: value=0.0491778
5
3.7282637007065266843 483.46461305026713262 97.20830597214859381 2000
1.1935275706724643996 555.73010571418740255 129.72486115436603882 2000
10.355120144097490709 904.92219427150200772 180.14762850411580075 2000
29.004530213198961519 932.34224168012246992 311.38960272210420044 2000
0 1126.3710070503418592 387.59157706974167468 2000
# Layered model 59358: value=0.0492075
5
3.691350198719333342 483.46461305026713262 97.20830597214859381 2000
1.2796589853734481323 578.29497648390736231 129.72486115436603882 2000
10.305902231383701206 869.61244198117378801 180.14762850411580075 2000
28.132010875157220653 904.92219427150200772 311.38960272210420044 2000
0 1115.2188188617246851 387.59157706974167468 2000
# Layered model 59852: value=0.0492194
5
3.7655463377135918179 478.67783470323479378 97.20830597214859381 2000
1.2054628463791896564 632.47269904779807348 132.33233086356881358 2000
10.305902231383701206 904.92219427150200772 180.14762850411580075 2000
29.004530213198961519 960.5931439452720042 311.38960272210420044 2000
0 1040.1847273014973325 387.59157706974167468 2000
# Layered model 59687: value=0.049235
5
3.7282637007065266843 464.5999903942971514 97.20830597214859381 2000
1.24274548338625479 626.21059311663179869 131.02210976590970404 2000
10.305902231383701206 895.96256858564538561 180.14762850411580075 2000
29.004530213198961519 970.1990753847248925 311.38960272210420044 2000
0 1115.2188188617246851 387.59157706974167468 2000
# Layered model 59858: value=0.0492395
5
3.7282637007065266843 464.5999903942971514 97.20830597214859381 2000
1.24274548338625479 638.79742603827605762 131.02210976590970404 2000
10.305902231383701206 878.30856640098556909 180.14762850411580075 2000
29.004530213198961519 960.5931439452720042 311.38960272210420044 2000
0 1093.244602354401195 387.59157706974167468 2000
# Layered model 58444: value=0.0492489
5
3.7282637007065266843 469.24599029824008767 97.20830597214859381 2000
1.24274548338625479 638.79742603827605762 131.02210976590970404 2000
10.305902231383701206 904.92219427150200772 180.14762850411580075 2000
29.004530213198961519 970.1990753847248925 311.38960272210420044 2000
0 1071.7033647234597993 387.59157706974167468 2000
# Layered model 59972: value=0.0492595
5
3.7282637007065266843 464.5999903942971514 97.20830597214859381 2000
1.24274548338625479 620.0104882342889141 131.02210976590970404 2000
10.305902231383701206 887.09165206499551459 180.14762850411580075 2000
29.004530213198961519 979.90106613857187767 311.38960272210420044 2000
0 1082.4203983706943291 387.59157706974167468 2000
# Layered model 58924: value=0.0492687
5
3.7282637007065266843 493.18225177257750147 97.20830597214859381 2000
1.24274548338625479 589.91870551123383848 131.02210976590970404 2000
10.305902231383701206 861.00241780314240714 180.14762850411580075 2000
28.566100098063557766 913.97141621421690161 311.38960272210420044 2000
0 1149.0110642920537884 387.59157706974167468 2000
# Layered model 58888: value=0.0493266
5
3.7655463377135918179 473.93845020122256528 97.20830597214859381 2000
1.2054628463791896564 632.47269904779807348 132.33233086356881358 2000
10.305902231383701206 869.61244198117378801 180.14762850411580075 2000
29.004530213198961519 970.1990753847248925 311.38960272210420044 2000
0 1029.8858686153439521 387.59157706974167468 2000
# Layered model 59905: value=0.0493308
5
3.7282637007065266843 498.1140742903033356 97.20830597214859381 2000
1.1935275706724643996 539.38616551297866408 129.72486115436603882 2000
10.355120144097490709 904.92219427150200772 180.14762850411580075 2000
29.004530213198961519 932.34224168012246992 311.38960272210420044 2000
0 1071.7033647234597993 387.59157706974167468 2000
# Layered model 57844: value=0.0493438
5
3.7282637007065266843 469.24599029824008767 97.20830597214859381 2000
1.24274548338625479 638.79742603827605762 131.02210976590970404 2000
10.305902231383701206 861.00241780314240714 180.14762850411580075 2000
29.004530213198961519 979.90106613857187767 311.38960272210420044 2000
0 1019.6889788270731287 387.59157706974167468 2000
# Layered model 59560: value=0.0493656
5
3.7282637007065266843 459.99999048940310331 97.20830597214859381 2000
1.24274548338625479 645.1854002986588057 131.02210976590970404 2000
10.305902231383701206 895.96256858564538561 180.14762850411580075 2000
29.004530213198961519 960.5931439452720042 311.38960272210420044 2000
0 1149.0110642920537884 387.59157706974167468 2000
# Layered model 58426: value=0.0493676
5
3.7282637007065266843 469.24599029824008767 97.20830597214859381 2000
1.1935275706724643996 572.56928364743305337 129.72486115436603882 2000
10.355120144097490709 852.47764138925003863 180.14762850411580075 2000
28.566100098063557766 951.08232073789292826 311.38960272210420044 2000
0 1019.6889788270731287 387.59157706974167468 2000
# Layered model 59272: value=0.049384
5
3.691350198719333342 469.24599029824008767 97.20830597214859381 2000
1.2796589853734481323 632.47269904779807348 129.72486115436603882 2000
10.305902231383701206 878.30856640098556909 180.14762850411580075 2000
28.566100098063557766 932.34224168012246992 311.38960272210420044 2000
0 1149.0110642920537884 387.59157706974167468 2000
# Layered model 58952: value=0.0493972
5
3.7282637007065266843 455.44553513802287625 97.20830597214859381 2000
1.24274548338625479 651.63725430164538466 131.02210976590970404 2000
10.305902231383701206 895.96256858564538561 180.14762850411580075 2000
29.004530213198961519 970.1990753847248925 311.38960272210420044 2000
0 1104.1770483779453116 387.59157706974167468 2000
# Layered model 59788: value=0.0494947
5
3.7282637007065266843 469.24599029824008767 97.20830597214859381 2000
1.24274548338625479 632.47269904779807348 131.02210976590970404 2000
10.305902231383701206 878.30856640098556909 180.14762850411580075 2000
29.004530213198961519 970.1990753847248925 311.38960272210420044 2000
0 1115.2188188617246851 387.59157706974167468 2000
# Layered model 59413: value=0.0495052
5
3.7282637007065266843 478.67783470323479378 97.20830597214859381 2000
1.24274548338625479 620.0104882342889141 131.02210976590970404 2000
10.305902231383701206 878.30856640098556909 180.14762850411580075 2000
29.004530213198961519 979.90106613857187767 311.38960272210420044 2000
0 1071.7033647234597993 387.59157706974167468 2000
# Layered model 59968: value=0.0495863
5
3.7282637007065266843 469.24599029824008767 97.20830597214859381 2000
1.24274548338625479 613.8717705289989226 131.02210976590970404 2000
10.305902231383701206 895.96256858564538561 180.14762850411580075 2000
29.004530213198961519 970.1990753847248925 311.38960272210420044 2000
0 1149.0110642920537884 387.59157706974167468 2000
# Layered model 59651: value=0.0495903
5
3.691350198719333342 464.5999903942971514 97.20830597214859381 2000
1.2796589853734481323 678.09633989168196422 129.72486115436603882 2000
10.305902231383701206 878.30856640098556909 180.14762850411580075 2000
28.566100098063557766 932.34224168012246992 311.38960272210420044 2000
0 1149.0110642920537884 387.59157706974167468 2000
# Layered model 58143: value=0.0496033
5
3.691350198719333342 464.5999903942971514 97.20830597214859381 2000
1.2796589853734481323 607.79383220692966461 129.72486115436603882 2000
10.305902231383701206 878.30856640098556909 180.14762850411580075 2000
28.566100098063557766 932.34224168012246992 311.38960272210420044 2000
0 1172.1061866843242569 387.59157706974167468 2000
# Layered model 59933: value=0.0496357
5
3.7282637007065266843 488.29925918076975222 97.20830597214859381 2000
1.24274548338625479 632.47269904779807348 131.02210976590970404 2000
10.305902231383701206 895.96256858564538561 180.14762850411580075 2000
28.566100098063557766 913.97141621421690161 311.38960272210420044 2000
0 1149.0110642920537884 387.59157706974167468 2000
# Layered model 59565: value=0.0496368
5
3.7282637007065266843 464.5999903942971514 97.20830597214859381 2000
1.2924555752271826847 613.8717705289989226 132.33233086356881358 2000
10.256192139542772424 895.96256858564538561 180.14762850411580075 2000
29.004530213198961519 941.66566409692381967 311.38960272210420044 2000
0 1183.8272485511674859 387.59157706974167468 2000
# Layered model 59994: value=0.0496572
5
3.7282637007065266843 493.18225177257750147 97.20830597214859381 2000
1.1935275706724643996 561.28740677132930159 129.72486115436603882 2000
10.355120144097490709 895.96256858564538561 180.14762850411580075 2000
29.004530213198961519 960.5931439452720042 311.38960272210420044 2000
0 1104.1770483779453116 387.59157706974167468 2000
# Layered model 59063: value=0.0496849
5
3.691350198719333342 493.18225177257750147 97.20830597214859381 2000
1.2304410726596577419 555.73010571418740255 128.44045658848122571 2000
10.355120144097490709 895.96256858564538561 180.14762850411580075 2000
29.004530213198961519 960.5931439452720042 311.38960272210420044 2000
0 1071.7033647234597993 387.59157706974167468 2000
# Layered model 58757: value=0.0497017
5
3.7282637007065266843 478.67783470323479378 97.20830597214859381 2000
1.2924555752271826847 601.77607149200957792 132.33233086356881358 2000
10.256192139542772424 887.09165206499551459 180.14762850411580075 2000
29.004530213198961519 960.5931439452720042 311.38960272210420044 2000
0 1126.3710070503418592 387.59157706974167468 2000
# Layered model 58721: value=0.0497286
5
3.691350198719333342 459.99999048940310331 97.20830597214859381 2000
1.2796589853734481323 607.79383220692966461 129.72486115436603882 2000
10.305902231383701206 878.30856640098556909 180.14762850411580075 2000
28.566100098063557766 904.92219427150200772 311.38960272210420044 2000
0 1219.6983980095162678 387.59157706974167468 2000
# Layered model 58852: value=0.0497358
5
3.7282637007065266843 464.5999903942971514 97.20830597214859381 2000
1.24274548338625479 645.1854002986588057 131.02210976590970404 2000
10.305902231383701206 878.30856640098556909 180.14762850411580075 2000
29.004530213198961519 979.90106613857187767 311.38960272210420044 2000
0 1104.1770483779453116 387.59157706974167468 2000
# Layered model 59138: value=0.0497664
5
3.7282637007065266843 459.99999048940310331 97.20830597214859381 2000
1.24274548338625479 684.87730329059877477 131.02210976590970404 2000
10.305902231383701206 913.97141621421690161 180.14762850411580075 2000
29.004530213198961519 960.5931439452720042 311.38960272210420044 2000
0 1093.244602354401195 387.59157706974167468 2000
# Layered model 59985: value=0.0497696
5
3.7282637007065266843 450.93617340398304805 97.20830597214859381 2000
1.2924555752271826847 626.21059311663179869 132.33233086356881358 2000
10.256192139542772424 904.92219427150200772 180.14762850411580075 2000
29.004530213198961519 951.08232073789292826 311.38960272210420044 2000
0 1160.501174934974415 387.59157706974167468 2000
# Layered model 59304: value=0.0497709
5
3.7282637007065266843 459.99999048940310331 97.20830597214859381 2000
1.24274548338625479 613.8717705289989226 131.02210976590970404 2000
10.305902231383701206 904.92219427150200772 180.14762850411580075 2000
29.004530213198961519 970.1990753847248925 311.38960272210420044 2000
0 1149.0110642920537884 387.59157706974167468 2000
# Layered model 58908: value=0.0497793
5
3.7282637007065266843 469.24599029824008767 97.20830597214859381 2000
1.24274548338625479 658.15362684466185783 131.02210976590970404 2000
10.305902231383701206 895.96256858564538561 180.14762850411580075 2000
29.004530213198961519 951.08232073789292826 311.38960272210420044 2000
0 1172.1061866843242569 387.59157706974167468 2000
# Layered model 59796: value=0.0497803
5
3.691350198719333342 473.93845020122256528 97.20830597214859381 2000
1.2796589853734481323 601.77607149200957792 129.72486115436603882 2000
10.305902231383701206 923.11113037635902856 180.14762850411580075 2000
29.004530213198961519 941.66566409692381967 311.38960272210420044 2000
0 1149.0110642920537884 387.59157706974167468 2000
# Layered model 59458: value=0.0497835
5
3.7282637007065266843 473.93845020122256528 97.20830597214859381 2000
1.24274548338625479 613.8717705289989226 131.02210976590970404 2000
10.305902231383701206 869.61244198117378801 180.14762850411580075 2000
29.004530213198961519 989.70007679995774197 311.38960272210420044 2000
0 1071.7033647234597993 387.59157706974167468 2000
# Layered model 58248: value=0.049786
5
3.7282637007065266843 469.24599029824008767 97.20830597214859381 2000
1.24274548338625479 613.8717705289989226 131.02210976590970404 2000
10.305902231383701206 887.09165206499551459 180.14762850411580075 2000
29.004530213198961519 989.70007679995774197 311.38960272210420044 2000
0 1082.4203983706943291 387.59157706974167468 2000
# Layered model 59957: value=0.0497914
5
3.7282637007065266843 455.44553513802287625 97.20830597214859381 2000
1.24274548338625479 651.63725430164538466 131.02210976590970404 2000
10.305902231383701206 878.30856640098556909 180.14762850411580075 2000
29.004530213198961519 970.1990753847248925 311.38960272210420044 2000
0 1104.1770483779453116 387.59157706974167468 2000
# Layered model 59573: value=0.0497925
5
3.7282637007065266843 483.46461305026713262 97.20830597214859381 2000
1.1935275706724643996 584.07792624874639387 129.72486115436603882 2000
10.355120144097490709 895.96256858564538561 180.14762850411580075 2000
29.004530213198961519 960.5931439452720042 311.38960272210420044 2000
0 1115.2188188617246851 387.59157706974167468 2000
# Layered model 59864: value=0.0497928
5
3.7282637007065266843 478.67783470323479378 97.20830597214859381 2000
1.2924555752271826847 626.21059311663179869 132.33233086356881358 2000
10.256192139542772424 904.92219427150200772 180.14762850411580075 2000
29.004530213198961519 960.5931439452720042 311.38960272210420044 2000
0 1115.2188188617246851 387.59157706974167468 2000
# Layered model 59844: value=0.04981
5
3.7282637007065266843 450.93617340398304805 97.20830597214859381 2000
1.24274548338625479 584.07792624874639387 131.02210976590970404 2000
10.305902231383701206 932.34224168012246992 180.14762850411580075 2000
29.004530213198961519 941.66566409692381967 311.38960272210420044 2000
0 1160.501174934974415 387.59157706974167468 2000
# Layered model 59799: value=0.0498315
5
3.7282637007065266843 478.67783470323479378 97.20830597214859381 2000
1.1935275706724643996 584.07792624874639387 129.72486115436603882 2000
10.355120144097490709 895.96256858564538561 180.14762850411580075 2000
29.004530213198961519 960.5931439452720042 311.38960272210420044 2000
0 1149.0110642920537884 387.59157706974167468 2000
# Layered model 57807: value=0.0498578
5
3.7655463377135918179 488.29925918076975222 97.20830597214859381 2000
1.2054628463791896564 601.77607149200957792 132.33233086356881358 2000
10.305902231383701206 895.96256858564538561 180.14762850411580075 2000
28.566100098063557766 932.34224168012246992 311.38960272210420044 2000
0 1183.8272485511674859 387.59157706974167468 2000
# Layered model 58732: value=0.0498662
5
3.691350198719333342 459.99999048940310331 97.20830597214859381 2000
1.2796589853734481323 620.0104882342889141 129.72486115436603882 2000
10.305902231383701206 904.92219427150200772 180.14762850411580075 2000
29.004530213198961519 932.34224168012246992 311.38960272210420044 2000
0 1183.8272485511674859 387.59157706974167468 2000
# Layered model 58964: value=0.0498668
5
3.7282637007065266843 459.99999048940310331 97.20830597214859381 2000
1.24274548338625479 658.15362684466185783 131.02210976590970404 2000
10.305902231383701206 887.09165206499551459 180.14762850411580075 2000
29.004530213198961519 960.5931439452720042 311.38960272210420044 2000
0 1183.8272485511674859 387.59157706974167468 2000
# Layered model 59237: value=0.0498697
5
3.7655463377135918179 478.67783470323479378 97.20830597214859381 2000
1.2054628463791896564 664.73516311310845595 132.33233086356881358 2000
10.305902231383701206 878.30856640098556909 180.14762850411580075 2000
29.004530213198961519 960.5931439452720042 311.38960272210420044 2000
0 1061.0924403202573103 387.59157706974167468 2000
# Layered model 59748: value=0.0498895
5
3.7282637007065266843 464.5999903942971514 97.20830597214859381 2000
1.24274548338625479 632.47269904779807348 131.02210976590970404 2000
10.305902231383701206 861.00241780314240714 180.14762850411580075 2000
29.004530213198961519 970.1990753847248925 311.38960272210420044 2000
0 1029.8858686153439521 387.59157706974167468 2000
# Layered model 59701: value=0.0499156
5
3.7282637007065266843 459.99999048940310331 97.20830597214859381 2000
1.24274548338625479 584.07792624874639387 131.02210976590970404 2000
10.305902231383701206 951.08232073789292826 180.14762850411580075 2000
29.447344629485719736 979.90106613857187767 311.38960272210420044 2000
0 1071.7033647234597993 387.59157706974167468 2000
# Layered model 59648: value=0.0499235
5
3.7282637007065266843 455.44553513802287625 97.20830597214859381 2000
1.24274548338625479 645.1854002986588057 131.02210976590970404 2000
10.305902231383701206 878.30856640098556909 180.14762850411580075 2000
28.566100098063557766 970.1990753847248925 311.38960272210420044 2000
0 1009.5930483436369514 387.59157706974167468 2000
# Layered model 57738: value=0.0499298
5
3.7282637007065266843 469.24599029824008767 97.20830597214859381 2000
1.2924555752271826847 651.63725430164538466 132.33233086356881358 2000
10.256192139542772424 861.00241780314240714 180.14762850411580075 2000
29.004530213198961519 970.1990753847248925 311.38960272210420044 2000
0 1019.6889788270731287 387.59157706974167468 2000
# Layered model 59851: value=0.0499369
5
3.7282637007065266843 498.1140742903033356 97.20830597214859381 2000
1.24274548338625479 601.77607149200957792 131.02210976590970404 2000
10.305902231383701206 861.00241780314240714 180.14762850411580075 2000
28.566100098063557766 932.34224168012246992 311.38960272210420044 2000
0 1137.6347171208453801 387.59157706974167468 2000
# Layered model 59878: value=0.0499458
5
3.7655463377135918179 473.93845020122256528 97.20830597214859381 2000
1.2054628463791896564 658.15362684466185783 132.33233086356881358 2000
10.305902231383701206 869.61244198117378801 180.14762850411580075 2000
29.004530213198961519 979.90106613857187767 311.38960272210420044 2000
0 1061.0924403202573103 387.59157706974167468 2000
# Layered model 59805: value=0.049948
5
3.7282637007065266843 450.93617340398304805 97.20830597214859381 2000
1.24274548338625479 645.1854002986588057 131.02210976590970404 2000
10.305902231383701206 913.97141621421690161 180.14762850411580075 2000
29.004530213198961519 932.34224168012246992 311.38960272210420044 2000
0 1269.2230439592785842 387.59157706974167468 2000
# Layered model 54334: value=0.0499516
5
3.691350198719333342 483.46461305026713262 97.20830597214859381 2000
1.2796589853734481323 589.91870551123383848 129.72486115436603882 2000
10.305902231383701206 869.61244198117378801 180.14762850411580075 2000
28.566100098063557766 932.34224168012246992 311.38960272210420044 2000
0 1137.6347171208453801 387.59157706974167468 2000
# Layered model 59075: value=0.0499609
5
3.654802176949834891 469.24599029824008767 97.20830597214859381 2000
1.3162070071429465834 601.77607149200957792 128.44045658848122571 2000
10.305902231383701206 887.09165206499551459 180.14762850411580075 2000
28.566100098063557766 913.97141621421690161 311.38960272210420044 2000
0 1082.4203983706943291 387.59157706974167468 2000
# Layered model 56958: value=0.0499618
5
3.7282637007065266843 459.99999048940310331 97.20830597214859381 2000
1.2924555752271826847 613.8717705289989226 132.33233086356881358 2000
10.256192139542772424 932.34224168012246992 180.14762850411580075 2000
29.004530213198961519 960.5931439452720042 311.38960272210420044 2000
0 1183.8272485511674859 387.59157706974167468 2000
# Layered model 58785: value=0.049969
5
3.7282637007065266843 478.67783470323479378 97.20830597214859381 2000
1.24274548338625479 626.21059311663179869 131.02210976590970404 2000
10.305902231383701206 878.30856640098556909 180.14762850411580075 2000
29.004530213198961519 960.5931439452720042 311.38960272210420044 2000
0 1149.0110642920537884 387.59157706974167468 2000
# Layered model 57951: value=0.0499779
5
3.7282637007065266843 459.99999048940310331 97.20830597214859381 2000
1.24274548338625479 658.15362684466185783 131.02210976590970404 2000
10.305902231383701206 878.30856640098556909 180.14762850411580075 2000
28.566100098063557766 951.08232073789292826 311.38960272210420044 2000
0 1126.3710070503418592 387.59157706974167468 2000
# Layered model 59204: value=0.0499858
5
3.7282637007065266843 455.44553513802287625 97.20830597214859381 2000
1.24274548338625479 678.09633989168196422 131.02210976590970404 2000
10.305902231383701206 895.96256858564538561 180.14762850411580075 2000
29.004530213198961519 960.5931439452720042 311.38960272210420044 2000
0 1183.8272485511674859 387.59157706974167468 2000
# Layered model 58330: value=0.0499881
5
3.691350198719333342 488.29925918076975222 97.20830597214859381 2000
1.2796589853734481323 572.56928364743305337 129.72486115436603882 2000
10.305902231383701206 869.61244198117378801 180.14762850411580075 2000
28.566100098063557766 913.97141621421690161 311.38960272210420044 2000
0 1126.3710070503418592 387.59157706974167468 2000
# Layered model 57219: value=0.0500128
5
3.7282637007065266843 455.44553513802287625 97.20830597214859381 2000
1.24274548338625479 638.79742603827605762 131.02210976590970404 2000
10.305902231383701206 895.96256858564538561 180.14762850411580075 2000
29.004530213198961519 960.5931439452720042 311.38960272210420044 2000
0 1195.665521036679138 387.59157706974167468 2000
