# 60000 /scratch/04709/vantaj94/Reports_2020-02-17/VS2_Tar5_LR30_Sd0.report
# Layered model 59401: value=0.0407663
5
0.68686767676700000163 213.80213683970470129 98.180389031870078043 2000
3.3003592704939825886 268.78413967874729451 99.162192922188779676 2000
1.09171164686667721 276.92856789515303717 156.7217658556340325 2000
8.7208233636853407234 324.72052488315904384 187.46234461337320454 2000
0 1660.4088544183136946 372.46788725111838403 2000
# Layered model 59383: value=0.0408293
5
0.77397969056965099099 224.70819455138510534 98.180389031870078043 2000
3.2132472566913317102 253.20681809626509562 99.162192922188779676 2000
0.9423408141288045492 302.87269629249999525 156.7217658556340325 2000
8.8701941964232133842 324.72052488315904384 187.46234461337320454 2000
0 1627.6922403865441993 372.46788725111838403 2000
# Layered model 59427: value=0.042299
5
0.77397969056965099099 222.48336094196545787 98.180389031870078043 2000
3.2132472566913317102 271.47198107553475666 99.162192922188779676 2000
1.1937983126086426644 276.92856789515303717 158.28898351419036317 2000
8.6187366979433761571 324.72052488315904384 187.46234461337320454 2000
0 1660.4088544183136946 372.46788725111838403 2000
# Layered model 56089: value=0.0427613
5
0.77397969056965099099 215.94015820810176365 98.180389031870078043 2000
3.1737697621639950896 268.78413967874729451 99.162192922188779676 2000
1.5520132613907451358 291.05470801760606037 158.28898351419036317 2000
8.5773744590406515442 331.24740743331057047 189.33696805950694397 2000
0 1660.4088544183136946 372.46788725111838403 2000
# Layered model 58453: value=0.0444908
5
0.80540636966533807328 224.70819455138510534 98.180389031870078043 2000
3.181820577595644739 248.21764346266547818 99.162192922188779676 2000
1.09171164686667721 315.1705422814876556 159.87187334933227589 2000
8.7208233636853407234 324.72052488315904384 187.46234461337320454 2000
0 1595.6202729012293275 372.46788725111838403 2000
# Layered model 59128: value=0.0448972
5
0.69373635353467000275 215.94015820810176365 98.180389031870078043 2000
3.2934905937263128095 271.47198107553475666 99.162192922188779676 2000
1.09171164686667721 274.18670088629011161 155.17006520359805677 2000
8.7208233636853407234 324.72052488315904384 187.46234461337320454 2000
0 1710.720903116043246 372.46788725111838403 2000
# Layered model 58588: value=0.0449246
5
0.68006700669999997633 220.28055538808459346 98.180389031870078043 2000
3.3071599405609828359 260.87923789139995279 99.162192922188779676 2000
0.9423408141288045492 279.69785357410455617 156.7217658556340325 2000
8.8701941964232133842 324.72052488315904384 187.46234461337320454 2000
0 1693.7830723921217668 372.46788725111838403 2000
# Layered model 59738: value=0.0449591
5
0.67333366999999999525 215.94015820810176365 98.180389031870078043 2000
3.313893277260982817 263.4880302703139705 99.162192922188779676 2000
0.99163649174270274145 279.69785357410455617 156.7217658556340325 2000
8.6842672122963158188 321.5054701813455722 187.46234461337320454 2000
0 1533.3597195163886227 372.46788725111838403 2000
# Layered model 57250: value=0.0451282
5
0.74377926966632679218 211.68528399970762166 98.180389031870078043 2000
3.2039701830673195104 260.87923789139995279 99.162192922188779676 2000
1.0311139862700393621 305.90142325542501567 152.11260190530148861 2000
8.8208985188093151919 321.5054701813455722 187.46234461337320454 2000
0 1780.1830317733758875 372.46788725111838403 2000
# Layered model 58611: value=0.0451689
5
0.78171948747534747426 218.09955979018278072 98.180389031870078043 2000
3.205507459785635227 274.18670088629011161 99.162192922188779676 2000
1.2979369203320225701 282.49483210984561765 158.28898351419036317 2000
8.5145980902199944751 324.72052488315904384 187.46234461337320454 2000
0 1627.6922403865441993 372.46788725111838403 2000
# Layered model 52837: value=0.0453273
5
0.76631652531648608573 220.28055538808459346 98.180389031870078043 2000
3.1814329274171599948 263.4880302703139705 99.162192922188779676 2000
1.3902660535352895366 288.17297823525353806 156.7217658556340325 2000
8.7391216668961071434 331.24740743331057047 189.33696805950694397 2000
0 1643.9691627904096549 372.46788725111838403 2000
# Layered model 59432: value=0.0455272
5
0.71475725878312412753 215.94015820810176365 98.180389031870078043 2000
3.2724696884778587957 266.12291057301712272 99.162192922188779676 2000
1.0414251261327396314 276.92856789515303717 158.28898351419036317 2000
8.7711098844192783019 324.72052488315904384 187.46234461337320454 2000
0 1762.5574572013624675 372.46788725111838403 2000
# Layered model 59440: value=0.0456493
5
0.68686767676700000163 222.48336094196545787 98.180389031870078043 2000
3.3003592704939825886 263.4880302703139705 99.162192922188779676 2000
1.09171164686667721 282.49483210984561765 156.7217658556340325 2000
8.7208233636853407234 324.72052488315904384 187.46234461337320454 2000
0 1727.828112147203683 372.46788725111838403 2000
# Layered model 52813: value=0.0459003
5
0.72912387968466496613 215.94015820810176365 98.180389031870078043 2000
3.2581030675763176241 266.12291057301712272 99.162192922188779676 2000
0.99163649174270274145 279.69785357410455617 156.7217658556340325 2000
8.8208985188093151919 324.72052488315904384 187.46234461337320454 2000
0 1815.9647107120208602 372.46788725111838403 2000
# Layered model 59798: value=0.0459158
5
0.81346043336199147511 218.09955979018278072 98.180389031870078043 2000
3.1737665138989914482 285.31978043094409259 99.162192922188779676 2000
1.2979369203320225701 288.17297823525353806 159.87187334933227589 2000
8.377966783706995102 318.32224770430252647 185.60628179541902227 2000
0 1710.720903116043246 372.46788725111838403 2000
# Layered model 58723: value=0.0459711
5
0.70067371707001668835 224.70819455138510534 98.180389031870078043 2000
3.2865532301909659019 266.12291057301712272 99.162192922188779676 2000
1.0414251261327396314 282.49483210984561765 155.17006520359805677 2000
8.7711098844192783019 324.72052488315904384 187.46234461337320454 2000
0 1693.7830723921217668 372.46788725111838403 2000
# Layered model 59819: value=0.0460511
5
0.71475725878312412753 215.94015820810176365 98.180389031870078043 2000
3.2724696884778587957 260.87923789139995279 99.162192922188779676 2000
0.9423408141288045492 285.31978043094409259 156.7217658556340325 2000
8.8701941964232133842 324.72052488315904384 187.46234461337320454 2000
0 1797.9848620911097896 372.46788725111838403 2000
# Layered model 59743: value=0.0461444
5
0.72190483137095540211 215.94015820810176365 98.180389031870078043 2000
3.2653221158900271881 271.47198107553475666 99.162192922188779676 2000
1.09171164686667721 288.17297823525353806 156.7217658556340325 2000
8.7208233636853407234 321.5054701813455722 187.46234461337320454 2000
0 1927.6831332011258837 372.46788725111838403 2000
# Layered model 58829: value=0.0463619
5
0.72912387968466496613 215.94015820810176365 98.180389031870078043 2000
3.2581030675763176241 260.87923789139995279 99.162192922188779676 2000
1.09171164686667721 288.17297823525353806 159.87187334933227589 2000
8.7208233636853407234 324.72052488315904384 187.46234461337320454 2000
0 1797.9848620911097896 372.46788725111838403 2000
# Layered model 58402: value=0.0465319
5
0.70067371707001668835 215.94015820810176365 98.180389031870078043 2000
3.2865532301909659019 266.12291057301712272 99.162192922188779676 2000
1.0414251261327396314 282.49483210984561765 155.17006520359805677 2000
8.7711098844192783019 324.72052488315904384 187.46234461337320454 2000
0 1780.1830317733758875 372.46788725111838403 2000
# Layered model 59423: value=0.0465761
5
0.67333366999999999525 226.95527649689896066 98.180389031870078043 2000
3.313893277260982817 258.29627513999997745 99.162192922188779676 2000
0.9423408141288045492 282.49483210984561765 155.17006520359805677 2000
8.8701941964232133842 324.72052488315904384 187.46234461337320454 2000
0 1643.9691627904096549 372.46788725111838403 2000
# Layered model 59266: value=0.046583
5
0.75121706236299001791 215.94015820810176365 98.180389031870078043 2000
3.2360098848979927944 266.12291057301712272 99.162192922188779676 2000
1.09171164686667721 288.17297823525353806 156.7217658556340325 2000
8.8588209832634703389 327.96773013199066327 187.46234461337320454 2000
0 1727.828112147203683 372.46788725111838403 2000
# Layered model 58035: value=0.0466231
5
0.78953668235010099341 218.09955979018278072 98.180389031870078043 2000
3.1976902649108818188 271.47198107553475666 99.162192922188779676 2000
1.2456085652073389802 285.31978043094409259 158.28898351419036317 2000
8.5669264453446789531 324.72052488315904384 187.46234461337320454 2000
0 1745.106393268675447 372.46788725111838403 2000
# Layered model 58700: value=0.0466639
5
0.68006700669999997633 211.68528399970762166 98.180389031870078043 2000
3.3071599405609828359 258.29627513999997745 99.162192922188779676 2000
0.99163649174270274145 285.31978043094409259 156.7217658556340325 2000
8.6842672122963158188 321.5054701813455722 187.46234461337320454 2000
0 1660.4088544183136946 372.46788725111838403 2000
# Layered model 58616: value=0.0466757
5
0.84649018893282612641 218.09955979018278072 98.180389031870078043 2000
3.1407367583281566858 253.20681809626509562 99.162192922188779676 2000
1.0414251261327396314 293.96525509778211926 159.87187334933227589 2000
8.6344785779062789288 324.72052488315904384 187.46234461337320454 2000
0 1473.5285514769334441 372.46788725111838403 2000
# Layered model 59815: value=0.0468006
5
0.70768045424071690519 207.51424762249547484 98.180389031870078043 2000
3.2009823702480417751 260.87923789139995279 99.162192922188779676 2000
1.1199892489049636524 293.96525509778211926 150.60653653990246426 2000
8.7711098844192783019 324.72052488315904384 187.46234461337320454 2000
0 1627.6922403865441993 372.46788725111838403 2000
# Layered model 56825: value=0.0468024
5
0.68006700669999997633 218.09955979018278072 98.180389031870078043 2000
3.2676824460336462153 253.20681809626509562 99.162192922188779676 2000
1.0311139862700393621 296.904907648759945 153.63372792435450265 2000
8.8208985188093151919 324.72052488315904384 187.46234461337320454 2000
0 1745.106393268675447 372.46788725111838403 2000
# Layered model 56804: value=0.0468507
5
0.67333366999999999525 213.80213683970470129 98.180389031870078043 2000
3.313893277260982817 258.29627513999997745 99.162192922188779676 2000
0.9423408141288045492 288.17297823525353806 156.7217658556340325 2000
8.8701941964232133842 324.72052488315904384 187.46234461337320454 2000
0 1834.1243578191408687 372.46788725111838403 2000
# Layered model 59833: value=0.0470598
5
0.73641511848151164354 218.09955979018278072 98.180389031870078043 2000
3.2508118287794709467 266.12291057301712272 99.162192922188779676 2000
0.9423408141288045492 279.69785357410455617 155.17006520359805677 2000
8.8701941964232133842 324.72052488315904384 187.46234461337320454 2000
0 1797.9848620911097896 372.46788725111838403 2000
# Layered model 59533: value=0.0474916
5
0.69373635353467000275 224.70819455138510534 98.180389031870078043 2000
3.2934905937263128095 266.12291057301712272 99.162192922188779676 2000
0.99163649174270274145 276.92856789515303717 153.63372792435450265 2000
8.8208985188093151919 324.72052488315904384 187.46234461337320454 2000
0 1762.5574572013624675 372.46788725111838403 2000
# Layered model 59202: value=0.0477923
5
0.72190483137095540211 213.80213683970470129 98.180389031870078043 2000
3.2653221158900271881 268.78413967874729451 99.162192922188779676 2000
1.09171164686667721 282.49483210984561765 156.7217658556340325 2000
8.7208233636853407234 324.72052488315904384 187.46234461337320454 2000
0 1834.1243578191408687 372.46788725111838403 2000
# Layered model 59438: value=0.0478336
5
0.82981098807256747918 220.28055538808459346 98.180389031870078043 2000
3.1574159591884152221 285.31978043094409259 99.162192922188779676 2000
1.1425010328079534538 296.904907648759945 153.63372792435450265 2000
8.9474091930961066055 324.72052488315904384 187.46234461337320454 2000
0 1815.9647107120208602 372.46788725111838403 2000
# Layered model 59225: value=0.0480481
5
0.79743204917360199779 220.28055538808459346 98.180389031870078043 2000
3.1897948980873804814 282.49483210984561765 99.162192922188779676 2000
1.3507885590079529159 288.17297823525353806 156.7217658556340325 2000
8.5997440711221955212 324.72052488315904384 187.46234461337320454 2000
0 1745.106393268675447 372.46788725111838403 2000
# Layered model 59156: value=0.0481448
5
0.75872923298661987257 222.48336094196545787 98.180389031870078043 2000
3.2284977142743627176 279.69785357410455617 99.162192922188779676 2000
1.2456085652073389802 285.31978043094409259 158.28898351419036317 2000
8.7049240649228085687 324.72052488315904384 187.46234461337320454 2000
0 1780.1830317733758875 372.46788725111838403 2000
# Layered model 58952: value=0.0481963
5
0.78171948747534747426 213.80213683970470129 98.180389031870078043 2000
3.205507459785635227 274.18670088629011161 99.162192922188779676 2000
1.1937983126086426644 282.49483210984561765 159.87187334933227589 2000
8.7567343175215057727 327.96773013199066327 187.46234461337320454 2000
0 1693.7830723921217668 372.46788725111838403 2000
# Layered model 59324: value=0.0483818
5
0.69373635353467000275 222.48336094196545787 98.180389031870078043 2000
3.2934905937263128095 258.29627513999997745 99.162192922188779676 2000
1.0414251261327396314 285.31978043094409259 158.28898351419036317 2000
8.7711098844192783019 324.72052488315904384 187.46234461337320454 2000
0 1745.106393268675447 372.46788725111838403 2000
# Layered model 59647: value=0.0486056
5
0.77397969056965099099 229.22482926186793861 98.180389031870078043 2000
3.2132472566913317102 274.18670088629011161 99.162192922188779676 2000
1.1937983126086426644 288.17297823525353806 156.7217658556340325 2000
8.7567343175215057727 324.72052488315904384 187.46234461337320454 2000
0 1797.9848620911097896 372.46788725111838403 2000
# Layered model 58805: value=0.0486183
5
0.74377926966632679218 215.94015820810176365 98.180389031870078043 2000
3.243447677594655687 271.47198107553475666 99.162192922188779676 2000
1.0414251261327396314 279.69785357410455617 155.17006520359805677 2000
8.7711098844192783019 324.72052488315904384 187.46234461337320454 2000
0 1780.1830317733758875 372.46788725111838403 2000
# Layered model 57679: value=0.0486471
5
0.70768045424071690519 218.09955979018278072 98.180389031870078043 2000
3.279546493020265796 279.69785357410455617 99.162192922188779676 2000
1.1425010328079534538 308.96043748797927719 152.11260190530148861 2000
8.9474091930961066055 324.72052488315904384 187.46234461337320454 2000
0 1870.9902574113059472 372.46788725111838403 2000
# Layered model 59521: value=0.0486908
5
0.75872923298661987257 226.95527649689896066 98.180389031870078043 2000
3.2284977142743627176 258.29627513999997745 99.162192922188779676 2000
0.9423408141288045492 293.96525509778211926 155.17006520359805677 2000
8.8701941964232133842 324.72052488315904384 187.46234461337320454 2000
0 1710.720903116043246 372.46788725111838403 2000
# Layered model 59536: value=0.0488093
5
0.70067371707001668835 220.28055538808459346 98.180389031870078043 2000
3.2865532301909659019 266.12291057301712272 99.162192922188779676 2000
1.0414251261327396314 276.92856789515303717 155.17006520359805677 2000
8.7711098844192783019 324.72052488315904384 187.46234461337320454 2000
0 1852.4656013973324207 372.46788725111838403 2000
# Layered model 58812: value=0.0488991
5
0.87213968814767961479 220.28055538808459346 98.180389031870078043 2000
3.0756097645859665768 274.18670088629011161 99.162192922188779676 2000
1.3902660535352895366 291.05470801760606037 156.7217658556340325 2000
8.4617464515440659056 321.5054701813455722 187.46234461337320454 2000
0 1727.828112147203683 372.46788725111838403 2000
# Layered model 59237: value=0.04909
5
0.75121706236299001791 211.68528399970762166 98.180389031870078043 2000
3.2360098848979927944 271.47198107553475666 99.162192922188779676 2000
0.99163649174270274145 279.69785357410455617 153.63372792435450265 2000
8.8208985188093151919 324.72052488315904384 187.46234461337320454 2000
0 1660.4088544183136946 372.46788725111838403 2000
# Layered model 59402: value=0.0491695
5
0.68006700669999997633 220.28055538808459346 98.180389031870078043 2000
3.3071599405609828359 260.87923789139995279 99.162192922188779676 2000
0.89353321253088546783 279.69785357410455617 153.63372792435450265 2000
9.0569994175992611929 327.96773013199066327 187.46234461337320454 2000
0 1627.6922403865441993 372.46788725111838403 2000
# Layered model 57236: value=0.0492808
5
0.82981098807256747918 226.95527649689896066 98.180389031870078043 2000
3.1574159591884152221 243.32677527954658103 99.162192922188779676 2000
0.9423408141288045492 296.904907648759945 159.87187334933227589 2000
8.733562889910214011 324.72052488315904384 187.46234461337320454 2000
0 1548.6933167115525976 372.46788725111838403 2000
# Layered model 57708: value=0.0494091
5
0.74377926966632679218 218.09955979018278072 98.180389031870078043 2000
3.243447677594655687 260.87923789139995279 99.162192922188779676 2000
0.89353321253088546783 271.47198107553475666 155.17006520359805677 2000
8.7823704915081322042 321.5054701813455722 187.46234461337320454 2000
0 1643.9691627904096549 372.46788725111838403 2000
# Layered model 58810: value=0.0495126
5
0.68006700669999997633 220.28055538808459346 98.180389031870078043 2000
3.3071599405609828359 268.78413967874729451 99.162192922188779676 2000
1.09171164686667721 285.31978043094409259 156.7217658556340325 2000
8.7208233636853407234 321.5054701813455722 187.46234461337320454 2000
0 1815.9647107120208602 372.46788725111838403 2000
# Layered model 59180: value=0.0496873
5
0.73641511848151164354 224.70819455138510534 98.180389031870078043 2000
3.2508118287794709467 268.78413967874729451 99.162192922188779676 2000
1.5125357668634085151 274.18670088629011161 161.47059208282558984 2000
8.437996863266739922 331.24740743331057047 189.33696805950694397 2000
0 1564.1802498786680644 372.46788725111838403 2000
# Layered model 57433: value=0.0496987
5
0.68686767676700000163 211.68528399970762166 98.180389031870078043 2000
3.3003592704939825886 268.78413967874729451 99.162192922188779676 2000
0.84520885451314375914 285.31978043094409259 150.60653653990246426 2000
8.9673261560388741742 321.5054701813455722 187.46234461337320454 2000
0 1908.5971615852729428 372.46788725111838403 2000
# Layered model 59723: value=0.0498237
5
0.77397969056965099099 215.94015820810176365 98.180389031870078043 2000
3.1737697621639950896 274.18670088629011161 99.162192922188779676 2000
1.4975601652112953133 296.904907648759945 156.7217658556340325 2000
8.7725989269517512525 331.24740743331057047 189.33696805950694397 2000
0 1660.4088544183136946 372.46788725111838403 2000
# Layered model 59771: value=0.0499311
5
0.78953668235010099341 211.68528399970762166 98.180389031870078043 2000
3.1582127703835451982 271.47198107553475666 99.162192922188779676 2000
1.3902660535352895366 279.69785357410455617 156.7217658556340325 2000
8.7391216668961071434 331.24740743331057047 189.33696805950694397 2000
0 1852.4656013973324207 372.46788725111838403 2000
# Layered model 59701: value=0.0500385
5
0.72190483137095540211 213.80213683970470129 98.180389031870078043 2000
3.2653221158900271881 268.78413967874729451 99.162192922188779676 2000
1.1425010328079534538 285.31978043094409259 158.28898351419036317 2000
8.8080315973221949832 327.96773013199066327 187.46234461337320454 2000
0 1834.1243578191408687 372.46788725111838403 2000
# Layered model 59527: value=0.0500608
5
0.74377926966632679218 213.80213683970470129 98.180389031870078043 2000
3.243447677594655687 260.87923789139995279 99.162192922188779676 2000
0.89353321253088546783 276.92856789515303717 155.17006520359805677 2000
8.9190017980211315773 324.72052488315904384 187.46234461337320454 2000
0 1797.9848620911097896 372.46788725111838403 2000
# Layered model 59734: value=0.0501107
5
0.73641511848151164354 220.28055538808459346 98.180389031870078043 2000
3.2508118287794709467 263.4880302703139705 99.162192922188779676 2000
0.99163649174270274145 282.49483210984561765 155.17006520359805677 2000
8.8208985188093151919 324.72052488315904384 187.46234461337320454 2000
0 1908.5971615852729428 372.46788725111838403 2000
# Layered model 58929: value=0.0504551
5
0.69373635353467000275 211.68528399970762166 98.180389031870078043 2000
3.2934905937263128095 268.78413967874729451 99.162192922188779676 2000
0.9423408141288045492 279.69785357410455617 153.63372792435450265 2000
8.8701941964232133842 324.72052488315904384 187.46234461337320454 2000
0 1780.1830317733758875 372.46788725111838403 2000
# Layered model 58847: value=0.0504821
5
0.69373635353467000275 222.48336094196545787 98.180389031870078043 2000
3.2934905937263128095 274.18670088629011161 99.162192922188779676 2000
1.09171164686667721 288.17297823525353806 153.63372792435450265 2000
8.7208233636853407234 321.5054701813455722 187.46234461337320454 2000
0 1889.7001599854190772 372.46788725111838403 2000
# Layered model 59005: value=0.0504859
5
0.71475725878312412753 218.09955979018278072 98.180389031870078043 2000
3.2724696884778587957 260.87923789139995279 99.162192922188779676 2000
0.99163649174270274145 288.17297823525353806 158.28898351419036317 2000
8.6842672122963158188 321.5054701813455722 187.46234461337320454 2000
0 1611.5764756302417027 372.46788725111838403 2000
# Layered model 58386: value=0.0505367
5
0.81346043336199147511 218.09955979018278072 98.180389031870078043 2000
3.1342890193716543834 263.4880302703139705 99.162192922188779676 2000
1.2850860597346756009 288.17297823525353806 156.7217658556340325 2000
8.43029513883167958 321.5054701813455722 187.46234461337320454 2000
0 1762.5574572013624675 372.46788725111838403 2000
# Layered model 58914: value=0.0507052
5
0.69373635353467000275 211.68528399970762166 98.180389031870078043 2000
3.2540130991989761888 255.73888627722772071 99.162192922188779676 2000
1.1311891413940138307 308.96043748797927719 155.17006520359805677 2000
8.5841920571723413502 318.32224770430252647 187.46234461337320454 2000
0 1966.4295641784678992 372.46788725111838403 2000
# Layered model 59862: value=0.0507108
5
0.68006700669999997633 222.48336094196545787 98.180389031870078043 2000
3.3071599405609828359 271.47198107553475666 99.162192922188779676 2000
1.0414251261327396314 279.69785357410455617 155.17006520359805677 2000
8.7711098844192783019 321.5054701813455722 187.46234461337320454 2000
0 1815.9647107120208602 372.46788725111838403 2000
# Layered model 57944: value=0.0507158
5
0.71475725878312412753 213.80213683970470129 98.180389031870078043 2000
3.232992193950521731 266.12291057301712272 99.162192922188779676 2000
1.2850860597346756009 293.96525509778211926 156.7217658556340325 2000
8.5669264453446789531 321.5054701813455722 187.46234461337320454 2000
0 1780.1830317733758875 372.46788725111838403 2000
# Layered model 56934: value=0.0507455
5
0.73641511848151164354 218.09955979018278072 98.180389031870078043 2000
3.2508118287794709467 266.12291057301712272 99.162192922188779676 2000
1.793078938449005566 282.49483210984561765 164.71615098369039742 2000
8.296831287455052717 334.55988150764369493 191.23033774010201569 2000
0 1780.1830317733758875 372.46788725111838403 2000
# Layered model 58418: value=0.050786
5
0.75872923298661987257 220.28055538808459346 98.180389031870078043 2000
3.189020219747026097 263.4880302703139705 99.162192922188779676 2000
1.2332758071359792851 288.17297823525353806 152.11260190530148861 2000
8.8961119132954173949 331.24740743331057047 189.33696805950694397 2000
0 1710.720903116043246 372.46788725111838403 2000
# Layered model 54632: value=0.0507878
5
0.79743204917360199779 213.80213683970470129 98.180389031870078043 2000
3.1897948980873804814 274.18670088629011161 99.162192922188779676 2000
1.4041687140706424763 282.49483210984561765 161.47059208282558984 2000
8.2717349899683760839 321.5054701813455722 187.46234461337320454 2000
0 1834.1243578191408687 372.46788725111838403 2000
# Layered model 59666: value=0.0508603
5
0.84649018893282612641 218.09955979018278072 98.180389031870078043 2000
3.1012592638008200652 258.29627513999997745 99.162192922188779676 2000
1.0809026206600762521 285.31978043094409259 156.7217658556340325 2000
8.6344785779062789288 321.5054701813455722 187.46234461337320454 2000
0 1710.720903116043246 372.46788725111838403 2000
# Layered model 59273: value=0.0508868
5
0.76631652531648608573 218.09955979018278072 98.180389031870078043 2000
3.2209104219444966155 268.78413967874729451 99.162192922188779676 2000
1.2979369203320225701 279.69785357410455617 159.87187334933227589 2000
8.377966783706995102 321.5054701813455722 187.46234461337320454 2000
0 1643.9691627904096549 372.46788725111838403 2000
# Layered model 58001: value=0.0509319
5
0.71475725878312412753 211.68528399970762166 98.180389031870078043 2000
3.232992193950521731 266.12291057301712272 99.162192922188779676 2000
1.6070108885319891456 293.96525509778211926 158.28898351419036317 2000
8.5223768318994075344 331.24740743331057047 189.33696805950694397 2000
0 1660.4088544183136946 372.46788725111838403 2000
# Layered model 59302: value=0.0510489
5
0.73641511848151164354 215.94015820810176365 98.180389031870078043 2000
3.2508118287794709467 285.31978043094409259 99.162192922188779676 2000
1.623080997417309046 288.17297823525353806 161.47059208282558984 2000
8.3274516327128385029 324.72052488315904384 187.46234461337320454 2000
0 1762.5574572013624675 372.46788725111838403 2000
# Layered model 59141: value=0.0513599
5
0.70768045424071690519 213.80213683970470129 98.180389031870078043 2000
3.279546493020265796 271.47198107553475666 99.162192922188779676 2000
0.89353321253088546783 274.18670088629011161 152.11260190530148861 2000
9.0569994175992611929 327.96773013199066327 187.46234461337320454 2000
0 1834.1243578191408687 372.46788725111838403 2000
# Layered model 59732: value=0.051414
5
0.68686767676700000163 222.48336094196545787 98.180389031870078043 2000
3.3003592704939825886 271.47198107553475666 99.162192922188779676 2000
1.09171164686667721 285.31978043094409259 155.17006520359805677 2000
8.7208233636853407234 321.5054701813455722 187.46234461337320454 2000
0 1611.5764756302417027 372.46788725111838403 2000
# Layered model 59117: value=0.0514274
5
0.83810909795329313621 213.80213683970470129 98.180389031870078043 2000
3.1096403547803528333 255.73888627722772071 99.162192922188779676 2000
1.0809026206600762521 312.05004186285907508 155.17006520359805677 2000
8.6344785779062789288 318.32224770430252647 187.46234461337320454 2000
0 1870.9902574113059472 372.46788725111838403 2000
# Layered model 55805: value=0.0514751
5
0.73641511848151164354 218.09955979018278072 98.180389031870078043 2000
3.1722477060072469257 231.51707755448666148 99.162192922188779676 2000
0.78165175520603558112 302.87269629249999525 149.11538271277470358 2000
8.9728160716052070001 324.72052488315904384 189.33696805950694397 2000
0 1548.6933167115525976 372.46788725111838403 2000
# Layered model 59254: value=0.0515502
5
0.79743204917360199779 215.94015820810176365 98.180389031870078043 2000
3.1897948980873804814 271.47198107553475666 99.162192922188779676 2000
1.4041687140706424763 285.31978043094409259 161.47059208282558984 2000
8.2717349899683760839 321.5054701813455722 187.46234461337320454 2000
0 1834.1243578191408687 372.46788725111838403 2000
# Layered model 58424: value=0.0515608
5
0.77397969056965099099 218.09955979018278072 98.180389031870078043 2000
3.2132472566913317102 276.92856789515303717 99.162192922188779676 2000
1.2456085652073389802 282.49483210984561765 158.28898351419036317 2000
8.5669264453446789531 321.5054701813455722 187.46234461337320454 2000
0 1727.828112147203683 372.46788725111838403 2000
# Layered model 58404: value=0.0516576
5
0.68686767676700000163 220.28055538808459346 98.180389031870078043 2000
3.3003592704939825886 279.69785357410455617 99.162192922188779676 2000
1.1425010328079534538 282.49483210984561765 153.63372792435450265 2000
8.6700339777440653677 321.5054701813455722 187.46234461337320454 2000
0 1908.5971615852729428 372.46788725111838403 2000
# Layered model 56766: value=0.0517063
5
0.75121706236299001791 215.94015820810176365 98.180389031870078043 2000
3.2360098848979927944 274.18670088629011161 99.162192922188779676 2000
1.2979369203320225701 285.31978043094409259 158.28898351419036317 2000
8.6525957097981240906 327.96773013199066327 187.46234461337320454 2000
0 1797.9848620911097896 372.46788725111838403 2000
# Layered model 57419: value=0.0517589
5
0.78953668235010099341 224.70819455138510534 98.180389031870078043 2000
3.1582127703835451982 253.20681809626509562 99.162192922188779676 2000
1.2332758071359792851 288.17297823525353806 155.17006520359805677 2000
8.8961119132954173949 334.55988150764369493 189.33696805950694397 2000
0 1595.6202729012293275 372.46788725111838403 2000
# Layered model 57379: value=0.05179
5
0.76631652531648608573 229.22482926186793861 98.180389031870078043 2000
3.2209104219444966155 274.18670088629011161 99.162192922188779676 2000
1.3507885590079529159 293.96525509778211926 156.7217658556340325 2000
8.8798930386277561411 331.24740743331057047 189.33696805950694397 2000
0 1815.9647107120208602 372.46788725111838403 2000
# Layered model 59226: value=0.0519274
5
0.73641511848151164354 213.80213683970470129 98.180389031870078043 2000
3.2508118287794709467 268.78413967874729451 99.162192922188779676 2000
0.99163649174270274145 276.92856789515303717 156.7217658556340325 2000
8.8208985188093151919 324.72052488315904384 187.46234461337320454 2000
0 1908.5971615852729428 372.46788725111838403 2000
# Layered model 59281: value=0.0520534
5
0.79743204917360199779 222.48336094196545787 98.180389031870078043 2000
3.1897948980873804814 253.20681809626509562 99.162192922188779676 2000
0.89353321253088546783 291.05470801760606037 158.28898351419036317 2000
8.9190017980211315773 324.72052488315904384 187.46234461337320454 2000
0 1660.4088544183136946 372.46788725111838403 2000
# Layered model 59955: value=0.0521067
5
0.70067371707001668835 222.48336094196545787 98.180389031870078043 2000
3.2865532301909659019 263.4880302703139705 99.162192922188779676 2000
0.99163649174270274145 282.49483210984561765 155.17006520359805677 2000
8.8208985188093151919 324.72052488315904384 187.46234461337320454 2000
0 1908.5971615852729428 372.46788725111838403 2000
# Layered model 57650: value=0.0521598
5
0.72912387968466496613 213.80213683970470129 98.180389031870078043 2000
3.2581030675763176241 266.12291057301712272 99.162192922188779676 2000
1.2979369203320225701 296.904907648759945 161.47059208282558984 2000
8.377966783706995102 318.32224770430252647 187.46234461337320454 2000
0 1986.0938598202526464 372.46788725111838403 2000
# Layered model 59656: value=0.052328
5
0.76631652531648608573 213.80213683970470129 98.180389031870078043 2000
3.2209104219444966155 260.87923789139995279 99.162192922188779676 2000
0.9423408141288045492 285.31978043094409259 153.63372792435450265 2000
8.8701941964232133842 324.72052488315904384 187.46234461337320454 2000
0 1660.4088544183136946 372.46788725111838403 2000
# Layered model 57135: value=0.0525339
5
0.78171948747534747426 218.09955979018278072 98.180389031870078043 2000
3.205507459785635227 268.78413967874729451 99.162192922188779676 2000
1.1425010328079534538 285.31978043094409259 159.87187334933227589 2000
8.8080315973221949832 327.96773013199066327 187.46234461337320454 2000
0 1745.106393268675447 372.46788725111838403 2000
# Layered model 59668: value=0.0525456
5
0.72912387968466496613 213.80213683970470129 98.180389031870078043 2000
3.2186255730489810034 274.18670088629011161 99.162192922188779676 2000
1.2850860597346756009 288.17297823525353806 156.7217658556340325 2000
8.5669264453446789531 321.5054701813455722 187.46234461337320454 2000
0 1762.5574572013624675 372.46788725111838403 2000
# Layered model 56621: value=0.0526471
5
0.80540636966533807328 220.28055538808459346 98.180389031870078043 2000
3.1423430830683081183 274.18670088629011161 99.162192922188779676 2000
1.4975601652112953133 285.31978043094409259 155.17006520359805677 2000
8.6318275552201004786 331.24740743331057047 189.33696805950694397 2000
0 1745.106393268675447 372.46788725111838403 2000
# Layered model 57622: value=0.0526785
5
0.72912387968466496613 218.09955979018278072 98.180389031870078043 2000
3.2581030675763176241 266.12291057301712272 99.162192922188779676 2000
1.0414251261327396314 282.49483210984561765 158.28898351419036317 2000
8.9091075039974079175 327.96773013199066327 187.46234461337320454 2000
0 1762.5574572013624675 372.46788725111838403 2000
# Layered model 59664: value=0.0527058
5
0.70768045424071690519 220.28055538808459346 98.180389031870078043 2000
3.279546493020265796 263.4880302703139705 99.162192922188779676 2000
0.99163649174270274145 288.17297823525353806 155.17006520359805677 2000
8.6842672122963158188 321.5054701813455722 187.46234461337320454 2000
0 1548.6933167115525976 372.46788725111838403 2000
# Layered model 57127: value=0.0528025
5
0.69373635353467000275 222.48336094196545787 98.180389031870078043 2000
3.2934905937263128095 266.12291057301712272 99.162192922188779676 2000
0.9423408141288045492 282.49483210984561765 152.11260190530148861 2000
8.8701941964232133842 321.5054701813455722 187.46234461337320454 2000
0 1946.9599645331365991 372.46788725111838403 2000
# Layered model 59287: value=0.0528199
5
0.75121706236299001791 218.09955979018278072 98.180389031870078043 2000
3.2360098848979927944 248.21764346266547818 99.162192922188779676 2000
1.679184076864091768 312.05004186285907508 164.71615098369039742 2000
8.4107261490399665149 331.24740743331057047 191.23033774010201569 2000
0 1815.9647107120208602 372.46788725111838403 2000
# Layered model 56012: value=0.0528224
5
0.76631652531648608573 226.95527649689896066 98.180389031870078043 2000
3.2209104219444966155 248.21764346266547818 99.162192922188779676 2000
1.1425010328079534538 302.87269629249999525 159.87187334933227589 2000
8.6700339777440653677 324.72052488315904384 189.33696805950694397 2000
0 1660.4088544183136946 372.46788725111838403 2000
# Layered model 59682: value=0.0528246
5
0.70067371707001668835 215.94015820810176365 98.180389031870078043 2000
3.2470757356636292812 279.69785357410455617 99.162192922188779676 2000
1.1311891413940138307 282.49483210984561765 152.11260190530148861 2000
8.7208233636853407234 321.5054701813455722 187.46234461337320454 2000
0 1852.4656013973324207 372.46788725111838403 2000
# Layered model 55412: value=0.0528932
5
0.78953668235010099341 197.44268630233477779 98.180389031870078043 2000
3.1976902649108818188 222.48336094196545787 100.1538148514106723 2000
1.0414251261327396314 302.87269629249999525 161.47059208282558984 2000
8.9091075039974079175 337.90548032272010914 193.14264111750304664 2000
0 1416.0319750035687321 372.46788725111838403 2000
# Layered model 59800: value=0.0529026
5
0.68686767676700000163 220.28055538808459346 98.180389031870078043 2000
3.3003592704939825886 268.78413967874729451 99.162192922188779676 2000
1.1425010328079534538 279.69785357410455617 159.87187334933227589 2000
8.6700339777440653677 324.72052488315904384 187.46234461337320454 2000
0 1745.106393268675447 372.46788725111838403 2000
# Layered model 57071: value=0.0529317
5
0.70067371707001668835 218.09955979018278072 98.180389031870078043 2000
3.2865532301909659019 258.29627513999997745 99.162192922188779676 2000
1.0414251261327396314 266.12291057301712272 161.47059208282558984 2000
8.4992000566062788636 321.5054701813455722 187.46234461337320454 2000
0 1693.7830723921217668 372.46788725111838403 2000
# Layered model 56633: value=0.0529643
5
0.72190483137095540211 211.68528399970762166 98.180389031870078043 2000
3.2258446213626905674 266.12291057301712272 99.162192922188779676 2000
1.2850860597346756009 285.31978043094409259 156.7217658556340325 2000
8.43029513883167958 321.5054701813455722 187.46234461337320454 2000
0 1852.4656013973324207 372.46788725111838403 2000
# Layered model 59901: value=0.0529672
5
0.69373635353467000275 224.70819455138510534 98.180389031870078043 2000
3.2934905937263128095 268.78413967874729451 99.162192922188779676 2000
0.89353321253088546783 285.31978043094409259 152.11260190530148861 2000
8.9190017980211315773 321.5054701813455722 187.46234461337320454 2000
0 1946.9599645331365991 372.46788725111838403 2000
# Layered model 59231: value=0.053015
5
0.78171948747534747426 211.68528399970762166 98.180389031870078043 2000
3.205507459785635227 276.92856789515303717 99.162192922188779676 2000
1.1425010328079534538 279.69785357410455617 156.7217658556340325 2000
8.6700339777440653677 324.72052488315904384 187.46234461337320454 2000
0 1780.1830317733758875 372.46788725111838403 2000
# Layered model 59733: value=0.053017
5
0.82981098807256747918 215.94015820810176365 98.180389031870078043 2000
3.1574159591884152221 245.76004303234205395 99.162192922188779676 2000
0.89353321253088546783 318.32224770430252647 161.47059208282558984 2000
8.9190017980211315773 324.72052488315904384 187.46234461337320454 2000
0 1533.3597195163886227 372.46788725111838403 2000
# Layered model 59275: value=0.0530584
5
0.68006700669999997633 218.09955979018278072 98.180389031870078043 2000
3.3071599405609828359 255.73888627722772071 99.162192922188779676 2000
0.84520885451314375914 312.05004186285907508 155.17006520359805677 2000
8.9673261560388741742 321.5054701813455722 187.46234461337320454 2000
0 1643.9691627904096549 372.46788725111838403 2000
