# 60000 /scratch/04709/vantaj94/Reports_2020-02-17/VS2_Tar5_LN3_Sd1.report
# Layered model 33044: value=0.0274593
3
4.1595057988995653986 288.17297823525353806 98.180389031870078043 2000
9.6935653620060691082 318.32224770430252647 183.76859583704853662 2000
0 1029.8858686153439521 379.95449178486586561 2000
# Layered model 33000: value=0.0275801
3
4.1595057988995653986 288.17297823525353806 98.180389031870078043 2000
9.6935653620060691082 318.32224770430252647 183.76859583704853662 2000
0 1019.6889788270731287 379.95449178486586561 2000
# Layered model 33100: value=0.0288753
3
4.1595057988995653986 288.17297823525353806 98.180389031870078043 2000
9.6935653620060691082 318.32224770430252647 183.76859583704853662 2000
0 1040.1847273014973325 379.95449178486586561 2000
# Layered model 33014: value=0.0293381
3
4.1595057988995653986 288.17297823525353806 98.180389031870078043 2000
9.6935653620060691082 318.32224770430252647 183.76859583704853662 2000
0 1009.5930483436369514 379.95449178486586561 2000
# Layered model 24409: value=0.0298263
3
4.1595057988995653986 288.17297823525353806 98.180389031870078043 2000
9.5564062416010635559 315.1705422814876556 183.76859583704853662 2000
0 1219.6983980095162678 376.19256612362960368 2000
# Layered model 24341: value=0.0300899
3
4.1595057988995653986 288.17297823525353806 98.180389031870078043 2000
9.5564062416010635559 315.1705422814876556 183.76859583704853662 2000
0 1231.895381989611451 376.19256612362960368 2000
# Layered model 24274: value=0.0301722
3
4.1595057988995653986 288.17297823525353806 98.180389031870078043 2000
9.5564062416010635559 315.1705422814876556 183.76859583704853662 2000
0 1207.6221762470458998 376.19256612362960368 2000
# Layered model 36814: value=0.0308524
3
4.1595057988995653986 288.17297823525353806 98.180389031870078043 2000
9.6935653620060691082 318.32224770430252647 183.76859583704853662 2000
0 923.11113037635902856 383.75403670271452938 2000
# Layered model 24140: value=0.0309064
3
4.1595057988995653986 288.17297823525353806 98.180389031870078043 2000
9.5564062416010635559 315.1705422814876556 183.76859583704853662 2000
0 1244.2143358095074746 376.19256612362960368 2000
# Layered model 33011: value=0.0311002
3
4.1595057988995653986 291.05470801760606037 98.180389031870078043 2000
9.6935653620060691082 318.32224770430252647 183.76859583704853662 2000
0 1019.6889788270731287 379.95449178486586561 2000
# Layered model 23690: value=0.0311508
3
4.1595057988995653986 288.17297823525353806 98.180389031870078043 2000
9.5564062416010635559 315.1705422814876556 183.76859583704853662 2000
0 1195.665521036679138 376.19256612362960368 2000
# Layered model 36879: value=0.0314838
3
4.1595057988995653986 285.31978043094409259 98.180389031870078043 2000
9.6935653620060691082 318.32224770430252647 183.76859583704853662 2000
0 923.11113037635902856 383.75403670271452938 2000
# Layered model 33009: value=0.0315189
3
4.1595057988995653986 288.17297823525353806 98.180389031870078043 2000
9.6935653620060691082 318.32224770430252647 183.76859583704853662 2000
0 1050.5865745745122695 379.95449178486586561 2000
# Layered model 32692: value=0.0315414
3
4.1595057988995653986 291.05470801760606037 98.180389031870078043 2000
9.6935653620060691082 318.32224770430252647 183.76859583704853662 2000
0 1009.5930483436369514 379.95449178486586561 2000
# Layered model 37128: value=0.0315534
3
4.1595057988995653986 288.17297823525353806 98.180389031870078043 2000
9.6935653620060691082 318.32224770430252647 183.76859583704853662 2000
0 913.97141621421690161 383.75403670271452938 2000
# Layered model 36601: value=0.031881
3
4.1595057988995653986 285.31978043094409259 98.180389031870078043 2000
9.6935653620060691082 318.32224770430252647 183.76859583704853662 2000
0 932.34224168012246992 383.75403670271452938 2000
# Layered model 24200: value=0.0320315
3
4.1595057988995653986 285.31978043094409259 98.180389031870078043 2000
9.5564062416010635559 315.1705422814876556 183.76859583704853662 2000
0 1231.895381989611451 376.19256612362960368 2000
# Layered model 23601: value=0.0320568
3
4.1595057988995653986 291.05470801760606037 98.180389031870078043 2000
9.6935653620060691082 318.32224770430252647 183.76859583704853662 2000
0 1195.665521036679138 376.19256612362960368 2000
# Layered model 24273: value=0.0320938
3
4.1595057988995653986 285.31978043094409259 98.180389031870078043 2000
9.5564062416010635559 315.1705422814876556 183.76859583704853662 2000
0 1244.2143358095074746 376.19256612362960368 2000
# Layered model 33062: value=0.0321109
3
4.1595057988995653986 291.05470801760606037 98.180389031870078043 2000
9.6935653620060691082 318.32224770430252647 183.76859583704853662 2000
0 1029.8858686153439521 379.95449178486586561 2000
# Layered model 24408: value=0.0321965
3
4.1595057988995653986 288.17297823525353806 98.180389031870078043 2000
9.5564062416010635559 315.1705422814876556 183.76859583704853662 2000
0 1256.6564791676025834 376.19256612362960368 2000
# Layered model 23465: value=0.0322486
3
4.1595057988995653986 291.05470801760606037 98.180389031870078043 2000
9.6935653620060691082 318.32224770430252647 183.76859583704853662 2000
0 1183.8272485511674859 376.19256612362960368 2000
# Layered model 23603: value=0.0324685
3
4.1595057988995653986 291.05470801760606037 98.180389031870078043 2000
9.6935653620060691082 318.32224770430252647 183.76859583704853662 2000
0 1207.6221762470458998 376.19256612362960368 2000
# Layered model 32876: value=0.0325128
3
4.1595057988995653986 285.31978043094409259 98.180389031870078043 2000
9.6935653620060691082 318.32224770430252647 183.76859583704853662 2000
0 1029.8858686153439521 379.95449178486586561 2000
# Layered model 24220: value=0.0325138
3
4.1595057988995653986 285.31978043094409259 98.180389031870078043 2000
9.5564062416010635559 315.1705422814876556 183.76859583704853662 2000
0 1219.6983980095162678 376.19256612362960368 2000
# Layered model 32827: value=0.0325835
3
4.1595057988995653986 288.17297823525353806 98.180389031870078043 2000
9.6935653620060691082 318.32224770430252647 183.76859583704853662 2000
0 999.59707756795728528 379.95449178486586561 2000
# Layered model 23315: value=0.0326361
3
4.1595057988995653986 288.17297823525353806 98.180389031870078043 2000
9.6935653620060691082 318.32224770430252647 183.76859583704853662 2000
0 1207.6221762470458998 376.19256612362960368 2000
# Layered model 33001: value=0.0326564
3
4.1595057988995653986 285.31978043094409259 98.180389031870078043 2000
9.6935653620060691082 318.32224770430252647 183.76859583704853662 2000
0 1040.1847273014973325 379.95449178486586561 2000
# Layered model 24489: value=0.0326603
3
4.1595057988995653986 285.31978043094409259 98.180389031870078043 2000
9.5564062416010635559 315.1705422814876556 183.76859583704853662 2000
0 1256.6564791676025834 376.19256612362960368 2000
# Layered model 34217: value=0.032705
3
4.1595057988995653986 285.31978043094409259 98.180389031870078043 2000
9.5564062416010635559 315.1705422814876556 183.76859583704853662 2000
0 1040.1847273014973325 379.95449178486586561 2000
# Layered model 24201: value=0.0327493
3
4.1595057988995653986 288.17297823525353806 98.180389031870078043 2000
9.5564062416010635559 315.1705422814876556 183.76859583704853662 2000
0 1183.8272485511674859 376.19256612362960368 2000
# Layered model 36803: value=0.0327726
3
4.1595057988995653986 288.17297823525353806 98.180389031870078043 2000
9.6935653620060691082 318.32224770430252647 183.76859583704853662 2000
0 932.34224168012246992 383.75403670271452938 2000
# Layered model 23602: value=0.0329061
3
4.1595057988995653986 288.17297823525353806 98.180389031870078043 2000
9.6935653620060691082 318.32224770430252647 183.76859583704853662 2000
0 1219.6983980095162678 376.19256612362960368 2000
# Layered model 23409: value=0.0329345
3
4.1595057988995653986 288.17297823525353806 98.180389031870078043 2000
9.6935653620060691082 318.32224770430252647 183.76859583704853662 2000
0 1195.665521036679138 376.19256612362960368 2000
# Layered model 34070: value=0.0329915
3
4.1595057988995653986 285.31978043094409259 98.180389031870078043 2000
9.5564062416010635559 315.1705422814876556 183.76859583704853662 2000
0 1050.5865745745122695 379.95449178486586561 2000
# Layered model 23200: value=0.0330773
3
4.1595057988995653986 291.05470801760606037 98.180389031870078043 2000
9.6935653620060691082 318.32224770430252647 183.76859583704853662 2000
0 1172.1061866843242569 376.19256612362960368 2000
# Layered model 23457: value=0.0334204
3
4.1595057988995653986 291.05470801760606037 98.180389031870078043 2000
9.6935653620060691082 318.32224770430252647 183.76859583704853662 2000
0 1219.6983980095162678 376.19256612362960368 2000
# Layered model 33002: value=0.0334878
3
4.1595057988995653986 291.05470801760606037 98.180389031870078043 2000
9.6935653620060691082 318.32224770430252647 183.76859583704853662 2000
0 999.59707756795728528 379.95449178486586561 2000
# Layered model 24553: value=0.0335556
3
4.1595057988995653986 285.31978043094409259 98.180389031870078043 2000
9.5564062416010635559 315.1705422814876556 183.76859583704853662 2000
0 1207.6221762470458998 376.19256612362960368 2000
# Layered model 31000: value=0.033629
3
4.1595057988995653986 288.17297823525353806 98.180389031870078043 2000
9.5564062416010635559 315.1705422814876556 183.76859583704853662 2000
0 1660.4088544183136946 372.46788725111838403 2000
# Layered model 30811: value=0.0336534
3
4.1595057988995653986 288.17297823525353806 98.180389031870078043 2000
9.5564062416010635559 315.1705422814876556 183.76859583704853662 2000
0 1643.9691627904096549 372.46788725111838403 2000
# Layered model 24487: value=0.0336717
3
4.1595057988995653986 285.31978043094409259 98.180389031870078043 2000
9.5564062416010635559 315.1705422814876556 183.76859583704853662 2000
0 1269.2230439592785842 376.19256612362960368 2000
# Layered model 37010: value=0.0336863
3
4.1595057988995653986 285.31978043094409259 98.180389031870078043 2000
9.6935653620060691082 318.32224770430252647 183.76859583704853662 2000
0 913.97141621421690161 383.75403670271452938 2000
# Layered model 23803: value=0.0336921
3
4.1595057988995653986 288.17297823525353806 98.180389031870078043 2000
9.6935653620060691082 318.32224770430252647 183.76859583704853662 2000
0 1231.895381989611451 376.19256612362960368 2000
# Layered model 32978: value=0.0337048
3
4.1595057988995653986 285.31978043094409259 98.180389031870078043 2000
9.6935653620060691082 318.32224770430252647 183.76859583704853662 2000
0 1019.6889788270731287 379.95449178486586561 2000
# Layered model 34115: value=0.0337149
3
4.1595057988995653986 285.31978043094409259 98.180389031870078043 2000
9.5564062416010635559 315.1705422814876556 183.76859583704853662 2000
0 1029.8858686153439521 379.95449178486586561 2000
# Layered model 31069: value=0.0337288
3
4.1595057988995653986 288.17297823525353806 98.180389031870078043 2000
9.5564062416010635559 315.1705422814876556 183.76859583704853662 2000
0 1677.0129429624969362 372.46788725111838403 2000
# Layered model 30447: value=0.0338099
3
4.1595057988995653986 288.17297823525353806 98.180389031870078043 2000
9.5564062416010635559 315.1705422814876556 183.76859583704853662 2000
0 1627.6922403865441993 372.46788725111838403 2000
# Layered model 23460: value=0.0338272
3
4.1595057988995653986 288.17297823525353806 98.180389031870078043 2000
9.6935653620060691082 318.32224770430252647 183.76859583704853662 2000
0 1183.8272485511674859 376.19256612362960368 2000
# Layered model 24008: value=0.0338728
3
4.1595057988995653986 288.17297823525353806 98.180389031870078043 2000
9.5564062416010635559 315.1705422814876556 183.76859583704853662 2000
0 1269.2230439592785842 376.19256612362960368 2000
# Layered model 31130: value=0.0339435
3
4.1595057988995653986 288.17297823525353806 98.180389031870078043 2000
9.5564062416010635559 315.1705422814876556 183.76859583704853662 2000
0 1693.7830723921217668 372.46788725111838403 2000
# Layered model 32924: value=0.034022
3
4.1595057988995653986 285.31978043094409259 98.180389031870078043 2000
9.6935653620060691082 318.32224770430252647 183.76859583704853662 2000
0 1050.5865745745122695 379.95449178486586561 2000
# Layered model 31001: value=0.0341056
3
4.1595057988995653986 288.17297823525353806 98.180389031870078043 2000
9.5564062416010635559 315.1705422814876556 183.76859583704853662 2000
0 1611.5764756302417027 372.46788725111838403 2000
# Layered model 38062: value=0.0341665
3
4.1595057988995653986 291.05470801760606037 98.180389031870078043 2000
9.8320960736151263859 321.5054701813455722 183.76859583704853662 2000
0 904.92219427150200772 383.75403670271452938 2000
# Layered model 38200: value=0.0342404
3
4.1595057988995653986 288.17297823525353806 98.180389031870078043 2000
9.8320960736151263859 321.5054701813455722 183.76859583704853662 2000
0 923.11113037635902856 383.75403670271452938 2000
# Layered model 31205: value=0.0342636
3
4.1595057988995653986 288.17297823525353806 98.180389031870078043 2000
9.5564062416010635559 315.1705422814876556 183.76859583704853662 2000
0 1710.720903116043246 372.46788725111838403 2000
# Layered model 33052: value=0.0343452
3
4.1595057988995653986 291.05470801760606037 98.180389031870078043 2000
9.6935653620060691082 318.32224770430252647 183.76859583704853662 2000
0 1040.1847273014973325 379.95449178486586561 2000
# Layered model 34116: value=0.0344493
3
4.1595057988995653986 285.31978043094409259 98.180389031870078043 2000
9.5564062416010635559 315.1705422814876556 183.76859583704853662 2000
0 1061.0924403202573103 379.95449178486586561 2000
# Layered model 34008: value=0.0345056
3
4.1595057988995653986 288.17297823525353806 98.180389031870078043 2000
9.5564062416010635559 315.1705422814876556 183.76859583704853662 2000
0 1029.8858686153439521 379.95449178486586561 2000
# Layered model 23205: value=0.0345419
3
4.1595057988995653986 291.05470801760606037 98.180389031870078043 2000
9.6935653620060691082 318.32224770430252647 183.76859583704853662 2000
0 1160.501174934974415 376.19256612362960368 2000
# Layered model 31022: value=0.034546
3
4.1595057988995653986 288.17297823525353806 98.180389031870078043 2000
9.5564062416010635559 315.1705422814876556 183.76859583704853662 2000
0 1595.6202729012293275 372.46788725111838403 2000
# Layered model 36684: value=0.0345951
3
4.1595057988995653986 285.31978043094409259 98.180389031870078043 2000
9.6935653620060691082 318.32224770430252647 183.76859583704853662 2000
0 941.66566409692381967 383.75403670271452938 2000
# Layered model 34400: value=0.0345959
3
4.1595057988995653986 288.17297823525353806 98.180389031870078043 2000
9.5564062416010635559 315.1705422814876556 183.76859583704853662 2000
0 1040.1847273014973325 379.95449178486586561 2000
# Layered model 31008: value=0.0346793
3
4.1595057988995653986 288.17297823525353806 98.180389031870078043 2000
9.5564062416010635559 315.1705422814876556 183.76859583704853662 2000
0 1727.828112147203683 372.46788725111838403 2000
# Layered model 38391: value=0.0347143
3
4.1595057988995653986 288.17297823525353806 98.180389031870078043 2000
9.8320960736151263859 321.5054701813455722 183.76859583704853662 2000
0 904.92219427150200772 383.75403670271452938 2000
# Layered model 38803: value=0.0347616
3
4.1595057988995653986 288.17297823525353806 98.180389031870078043 2000
9.8320960736151263859 321.5054701813455722 183.76859583704853662 2000
0 844.03726870222760681 387.59157706974167468 2000
# Layered model 23600: value=0.0348313
3
4.1595057988995653986 291.05470801760606037 98.180389031870078043 2000
9.6935653620060691082 318.32224770430252647 183.76859583704853662 2000
0 1231.895381989611451 376.19256612362960368 2000
# Layered model 37207: value=0.0349238
3
4.1595057988995653986 288.17297823525353806 98.180389031870078043 2000
9.6935653620060691082 318.32224770430252647 183.76859583704853662 2000
0 904.92219427150200772 383.75403670271452938 2000
# Layered model 23511: value=0.0349243
3
4.1595057988995653986 288.17297823525353806 98.180389031870078043 2000
9.6935653620060691082 318.32224770430252647 183.76859583704853662 2000
0 1244.2143358095074746 376.19256612362960368 2000
# Layered model 24405: value=0.0349264
3
4.1595057988995653986 288.17297823525353806 98.180389031870078043 2000
9.5564062416010635559 315.1705422814876556 183.76859583704853662 2000
0 1172.1061866843242569 376.19256612362960368 2000
# Layered model 33003: value=0.0350268
3
4.1595057988995653986 288.17297823525353806 98.180389031870078043 2000
9.6935653620060691082 318.32224770430252647 183.76859583704853662 2000
0 1061.0924403202573103 379.95449178486586561 2000
# Layered model 24209: value=0.035059
3
4.1595057988995653986 285.31978043094409259 98.180389031870078043 2000
9.5564062416010635559 315.1705422814876556 183.76859583704853662 2000
0 1281.915274398871361 376.19256612362960368 2000
# Layered model 31004: value=0.0351351
3
4.1595057988995653986 288.17297823525353806 98.180389031870078043 2000
9.5564062416010635559 315.1705422814876556 183.76859583704853662 2000
0 1579.8220523774548383 372.46788725111838403 2000
# Layered model 24417: value=0.035146
3
4.1595057988995653986 285.31978043094409259 98.180389031870078043 2000
9.5564062416010635559 315.1705422814876556 183.76859583704853662 2000
0 1195.665521036679138 376.19256612362960368 2000
# Layered model 31200: value=0.0351805
3
4.1595057988995653986 288.17297823525353806 98.180389031870078043 2000
9.5564062416010635559 315.1705422814876556 183.76859583704853662 2000
0 1745.106393268675447 372.46788725111838403 2000
# Layered model 38801: value=0.0352599
3
4.1595057988995653986 288.17297823525353806 98.180389031870078043 2000
9.8320960736151263859 321.5054701813455722 183.76859583704853662 2000
0 852.47764138925003863 387.59157706974167468 2000
# Layered model 23421: value=0.0353109
3
4.1595057988995653986 288.17297823525353806 98.180389031870078043 2000
9.6935653620060691082 318.32224770430252647 183.76859583704853662 2000
0 1172.1061866843242569 376.19256612362960368 2000
# Layered model 34264: value=0.0357097
3
4.1595057988995653986 288.17297823525353806 98.180389031870078043 2000
9.5564062416010635559 315.1705422814876556 183.76859583704853662 2000
0 1019.6889788270731287 379.95449178486586561 2000
# Layered model 31132: value=0.0357578
3
4.1595057988995653986 288.17297823525353806 98.180389031870078043 2000
9.5564062416010635559 315.1705422814876556 183.76859583704853662 2000
0 1762.5574572013624675 372.46788725111838403 2000
# Layered model 24605: value=0.0357672
3
4.1595057988995653986 291.05470801760606037 98.180389031870078043 2000
9.5564062416010635559 315.1705422814876556 183.76859583704853662 2000
0 1207.6221762470458998 376.19256612362960368 2000
# Layered model 30813: value=0.0358095
3
4.1595057988995653986 291.05470801760606037 98.180389031870078043 2000
9.5564062416010635559 315.1705422814876556 183.76859583704853662 2000
0 1611.5764756302417027 372.46788725111838403 2000
# Layered model 24413: value=0.0358518
3
4.1595057988995653986 288.17297823525353806 98.180389031870078043 2000
9.5564062416010635559 315.1705422814876556 183.76859583704853662 2000
0 1281.915274398871361 376.19256612362960368 2000
# Layered model 30874: value=0.0358583
3
4.1595057988995653986 291.05470801760606037 98.180389031870078043 2000
9.5564062416010635559 315.1705422814876556 183.76859583704853662 2000
0 1627.6922403865441993 372.46788725111838403 2000
# Layered model 33800: value=0.0358766
3
4.1595057988995653986 288.17297823525353806 98.180389031870078043 2000
9.5564062416010635559 315.1705422814876556 183.76859583704853662 2000
0 1050.5865745745122695 379.95449178486586561 2000
# Layered model 30494: value=0.0358949
3
4.1595057988995653986 291.05470801760606037 98.180389031870078043 2000
9.5564062416010635559 315.1705422814876556 183.76859583704853662 2000
0 1595.6202729012293275 372.46788725111838403 2000
# Layered model 24213: value=0.035934
3
4.1595057988995653986 291.05470801760606037 98.180389031870078043 2000
9.5564062416010635559 315.1705422814876556 183.76859583704853662 2000
0 1195.665521036679138 376.19256612362960368 2000
# Layered model 34187: value=0.0360069
3
4.1595057988995653986 285.31978043094409259 98.180389031870078043 2000
9.5564062416010635559 315.1705422814876556 183.76859583704853662 2000
0 1019.6889788270731287 379.95449178486586561 2000
# Layered model 30931: value=0.0360323
3
4.1595057988995653986 291.05470801760606037 98.180389031870078043 2000
9.5564062416010635559 315.1705422814876556 183.76859583704853662 2000
0 1643.9691627904096549 372.46788725111838403 2000
# Layered model 31243: value=0.036043
3
4.1595057988995653986 291.05470801760606037 98.180389031870078043 2000
9.8320960736151263859 321.5054701813455722 183.76859583704853662 2000
0 1009.5930483436369514 379.95449178486586561 2000
# Layered model 30801: value=0.0361227
3
4.1595057988995653986 291.05470801760606037 98.180389031870078043 2000
9.5564062416010635559 315.1705422814876556 183.76859583704853662 2000
0 1579.8220523774548383 372.46788725111838403 2000
# Layered model 24420: value=0.036131
3
4.1595057988995653986 291.05470801760606037 98.180389031870078043 2000
9.5564062416010635559 315.1705422814876556 183.76859583704853662 2000
0 1219.6983980095162678 376.19256612362960368 2000
# Layered model 32587: value=0.036198
3
4.1595057988995653986 285.31978043094409259 98.180389031870078043 2000
9.6935653620060691082 318.32224770430252647 183.76859583704853662 2000
0 1009.5930483436369514 379.95449178486586561 2000
# Layered model 30617: value=0.0363214
3
4.1595057988995653986 291.05470801760606037 98.180389031870078043 2000
9.5564062416010635559 315.1705422814876556 183.76859583704853662 2000
0 1660.4088544183136946 372.46788725111838403 2000
# Layered model 32600: value=0.0363881
3
4.1595057988995653986 285.31978043094409259 98.180389031870078043 2000
9.6935653620060691082 318.32224770430252647 183.76859583704853662 2000
0 1061.0924403202573103 379.95449178486586561 2000
# Layered model 38012: value=0.0363934
3
4.1595057988995653986 291.05470801760606037 98.180389031870078043 2000
9.8320960736151263859 321.5054701813455722 183.76859583704853662 2000
0 923.11113037635902856 383.75403670271452938 2000
# Layered model 31202: value=0.0364017
3
4.1595057988995653986 288.17297823525353806 98.180389031870078043 2000
9.5564062416010635559 315.1705422814876556 183.76859583704853662 2000
0 1780.1830317733758875 372.46788725111838403 2000
# Layered model 31002: value=0.0364996
3
4.1595057988995653986 291.05470801760606037 98.180389031870078043 2000
9.5564062416010635559 315.1705422814876556 183.76859583704853662 2000
0 1564.1802498786680644 372.46788725111838403 2000
# Layered model 23727: value=0.036526
3
4.1595057988995653986 288.17297823525353806 98.180389031870078043 2000
9.6935653620060691082 318.32224770430252647 183.76859583704853662 2000
0 1256.6564791676025834 376.19256612362960368 2000
# Layered model 31201: value=0.0365951
3
4.1595057988995653986 291.05470801760606037 98.180389031870078043 2000
9.8320960736151263859 321.5054701813455722 183.76859583704853662 2000
0 1019.6889788270731287 379.95449178486586561 2000
# Layered model 23604: value=0.0366112
3
4.1595057988995653986 291.05470801760606037 98.180389031870078043 2000
9.6935653620060691082 318.32224770430252647 183.76859583704853662 2000
0 1149.0110642920537884 376.19256612362960368 2000
