# 60000 /scratch/04709/vantaj94/Reports_2020-02-17/VS2_Tar5_LN4_Sd2.report
# Layered model 49465: value=0.0257191
4
3.8032018010907275851 185.99994186690551601 100.1538148514106723 2000
0.69698796492747661091 341.28453512594728636 150.60653653990246426 2000
9.1928682660918710212 344.69738047720676377 198.99505628600454088 2000
0 835.68046406161136019 383.75403670271452938 2000
# Layered model 50007: value=0.0263471
4
3.7655463377135918179 185.99994186690551601 100.1538148514106723 2000
0.69008709398760004206 324.72052488315904384 143.2969518470092396 2000
9.2374246004088824691 344.69738047720676377 198.99505628600454088 2000
0 844.03726870222760681 383.75403670271452938 2000
# Layered model 49016: value=0.0264391
4
3.8032018010907275851 185.99994186690551601 100.1538148514106723 2000
0.69698796492747661091 337.90548032272010914 150.60653653990246426 2000
9.1928682660918710212 344.69738047720676377 198.99505628600454088 2000
0 835.68046406161136019 383.75403670271452938 2000
# Layered model 48828: value=0.0265737
4
3.8032018010907275851 185.99994186690551601 100.1538148514106723 2000
0.74198986258765842194 341.28453512594728636 153.63372792435450265 2000
9.1478663684316892102 344.69738047720676377 198.99505628600454088 2000
0 835.68046406161136019 383.75403670271452938 2000
# Layered model 48804: value=0.0266415
4
3.8032018010907275851 185.99994186690551601 100.1538148514106723 2000
0.74198986258765842194 337.90548032272010914 153.63372792435450265 2000
9.1478663684316892102 344.69738047720676377 198.99505628600454088 2000
0 835.68046406161136019 383.75403670271452938 2000
# Layered model 50173: value=0.0266835
4
3.7655463377135918179 185.99994186690551601 100.1538148514106723 2000
0.69008709398760004206 327.96773013199066327 143.2969518470092396 2000
9.2374246004088824691 344.69738047720676377 198.99505628600454088 2000
0 835.68046406161136019 383.75403670271452938 2000
# Layered model 49024: value=0.0267749
4
3.8032018010907275851 185.99994186690551601 100.1538148514106723 2000
0.69698796492747661091 337.90548032272010914 152.11260190530148861 2000
9.1928682660918710212 344.69738047720676377 198.99505628600454088 2000
0 835.68046406161136019 383.75403670271452938 2000
# Layered model 54637: value=0.0268886
4
3.7282637007065266843 185.99994186690551601 100.1538148514106723 2000
0.68325454850257383299 312.05004186285907508 136.34213282106580323 2000
9.2815397829009746999 344.69738047720676377 198.99505628600454088 2000
0 844.03726870222760681 383.75403670271452938 2000
# Layered model 50210: value=0.0269322
4
3.7655463377135918179 185.99994186690551601 100.1538148514106723 2000
0.69008709398760004206 327.96773013199066327 143.2969518470092396 2000
9.2374246004088824691 344.69738047720676377 198.99505628600454088 2000
0 844.03726870222760681 383.75403670271452938 2000
# Layered model 50413: value=0.0270238
4
3.7655463377135918179 185.99994186690551601 100.1538148514106723 2000
0.7346434283046123781 324.72052488315904384 146.17722057913411504 2000
9.1928682660918710212 344.69738047720676377 198.99505628600454088 2000
0 844.03726870222760681 383.75403670271452938 2000
# Layered model 49003: value=0.0270358
4
3.8032018010907275851 185.99994186690551601 100.1538148514106723 2000
0.787441779224442584 341.28453512594728636 155.17006520359805677 2000
9.1024144517949050481 344.69738047720676377 198.99505628600454088 2000
0 835.68046406161136019 383.75403670271452938 2000
# Layered model 50008: value=0.0270685
4
3.7655463377135918179 185.99994186690551601 100.1538148514106723 2000
0.69008709398760004206 324.72052488315904384 143.2969518470092396 2000
9.2374246004088824691 344.69738047720676377 198.99505628600454088 2000
0 835.68046406161136019 383.75403670271452938 2000
# Layered model 49000: value=0.0271675
4
3.8032018010907275851 185.99994186690551601 100.1538148514106723 2000
0.74198986258765842194 341.28453512594728636 152.11260190530148861 2000
9.1478663684316892102 344.69738047720676377 198.99505628600454088 2000
0 835.68046406161136019 383.75403670271452938 2000
# Layered model 49009: value=0.0272056
4
3.8032018010907275851 185.99994186690551601 100.1538148514106723 2000
0.69698796492747661091 337.90548032272010914 150.60653653990246426 2000
9.1928682660918710212 344.69738047720676377 198.99505628600454088 2000
0 844.03726870222760681 383.75403670271452938 2000
# Layered model 54784: value=0.027279
4
3.7282637007065266843 185.99994186690551601 100.1538148514106723 2000
0.68325454850257383299 315.1705422814876556 136.34213282106580323 2000
9.2815397829009746999 344.69738047720676377 198.99505628600454088 2000
0 844.03726870222760681 383.75403670271452938 2000
# Layered model 50606: value=0.0272888
4
3.7655463377135918179 185.99994186690551601 100.1538148514106723 2000
0.69008709398760004206 321.5054701813455722 143.2969518470092396 2000
9.2374246004088824691 344.69738047720676377 198.99505628600454088 2000
0 844.03726870222760681 383.75403670271452938 2000
# Layered model 50200: value=0.0272904
4
3.7655463377135918179 185.99994186690551601 100.1538148514106723 2000
0.7346434283046123781 327.96773013199066327 146.17722057913411504 2000
9.1928682660918710212 344.69738047720676377 198.99505628600454088 2000
0 835.68046406161136019 383.75403670271452938 2000
# Layered model 54432: value=0.027311
4
3.7282637007065266843 185.99994186690551601 100.1538148514106723 2000
0.72736973099466517567 312.05004186285907508 139.08260969076923175 2000
9.2374246004088824691 344.69738047720676377 198.99505628600454088 2000
0 844.03726870222760681 383.75403670271452938 2000
# Layered model 48602: value=0.0274966
4
3.8032018010907275851 185.99994186690551601 100.1538148514106723 2000
0.69698796492747661091 341.28453512594728636 150.60653653990246426 2000
9.1928682660918710212 344.69738047720676377 198.99505628600454088 2000
0 844.03726870222760681 383.75403670271452938 2000
# Layered model 58169: value=0.0274981
4
3.691350198719333342 185.99994186690551601 100.1538148514106723 2000
0.72016805048976717529 302.87269629249999525 133.65565417220449262 2000
9.2815397829009746999 344.69738047720676377 198.99505628600454088 2000
0 844.03726870222760681 383.75403670271452938 2000
# Layered model 48904: value=0.0275027
4
3.8032018010907275851 185.99994186690551601 100.1538148514106723 2000
0.787441779224442584 337.90548032272010914 155.17006520359805677 2000
9.1024144517949050481 344.69738047720676377 198.99505628600454088 2000
0 835.68046406161136019 383.75403670271452938 2000
# Layered model 58552: value=0.0275442
4
3.691350198719333342 185.99994186690551601 100.1538148514106723 2000
0.67648965198274613186 296.904907648759945 131.02210976590970404 2000
9.3252181814079957434 344.69738047720676377 198.99505628600454088 2000
0 844.03726870222760681 383.75403670271452938 2000
# Layered model 42682: value=0.0276577
4
3.8796461572926510541 187.85994128557456406 100.1538148514106723 2000
0.71099742302251911497 341.28453512594728636 166.3633124935273031 2000
9.1024144517949050481 344.69738047720676377 198.99505628600454088 2000
0 835.68046406161136019 383.75403670271452938 2000
# Layered model 50415: value=0.0276942
4
3.7655463377135918179 185.99994186690551601 100.1538148514106723 2000
0.7346434283046123781 327.96773013199066327 146.17722057913411504 2000
9.1928682660918710212 344.69738047720676377 198.99505628600454088 2000
0 844.03726870222760681 383.75403670271452938 2000
# Layered model 50045: value=0.0277302
4
3.7655463377135918179 185.99994186690551601 100.1538148514106723 2000
0.69008709398760004206 331.24740743331057047 143.2969518470092396 2000
9.2374246004088824691 344.69738047720676377 198.99505628600454088 2000
0 835.68046406161136019 383.75403670271452938 2000
# Layered model 58459: value=0.0277574
4
3.654802176949834891 185.99994186690551601 100.1538148514106723 2000
0.71303767375224458291 291.05470801760606037 128.44045658848122571 2000
9.3252181814079957434 344.69738047720676377 198.99505628600454088 2000
0 844.03726870222760681 383.75403670271452938 2000
# Layered model 54642: value=0.027758
4
3.7282637007065266843 185.99994186690551601 100.1538148514106723 2000
0.68325454850257383299 312.05004186285907508 137.70555414927645188 2000
9.2815397829009746999 344.69738047720676377 198.99505628600454088 2000
0 844.03726870222760681 383.75403670271452938 2000
# Layered model 54003: value=0.0277724
4
3.7282637007065266843 185.99994186690551601 100.1538148514106723 2000
0.77192606531167751172 315.1705422814876556 141.8781701455536961 2000
9.1928682660918710212 344.69738047720676377 198.99505628600454088 2000
0 844.03726870222760681 383.75403670271452938 2000
# Layered model 53337: value=0.0277772
4
3.7282637007065266843 184.1583582840648603 100.1538148514106723 2000
0.72736973099466517567 337.90548032272010914 141.8781701455536961 2000
9.2374246004088824691 344.69738047720676377 198.99505628600454088 2000
0 835.68046406161136019 383.75403670271452938 2000
# Layered model 48551: value=0.0278296
4
3.8032018010907275851 185.99994186690551601 100.1538148514106723 2000
0.69698796492747661091 334.55988150764369493 152.11260190530148861 2000
9.1928682660918710212 344.69738047720676377 198.99505628600454088 2000
0 835.68046406161136019 383.75403670271452938 2000
# Layered model 50409: value=0.0278322
4
3.7655463377135918179 185.99994186690551601 100.1538148514106723 2000
0.77964532596479418913 327.96773013199066327 147.63899278492544909 2000
9.1478663684316892102 344.69738047720676377 198.99505628600454088 2000
0 844.03726870222760681 383.75403670271452938 2000
# Layered model 50615: value=0.0278693
4
3.7655463377135918179 185.99994186690551601 100.1538148514106723 2000
0.77964532596479418913 327.96773013199066327 147.63899278492544909 2000
9.1478663684316892102 344.69738047720676377 198.99505628600454088 2000
0 835.68046406161136019 383.75403670271452938 2000
# Layered model 42807: value=0.0279017
4
3.8796461572926510541 187.85994128557456406 100.1538148514106723 2000
0.71099742302251911497 341.28453512594728636 164.71615098369039742 2000
9.1024144517949050481 344.69738047720676377 198.99505628600454088 2000
0 835.68046406161136019 383.75403670271452938 2000
# Layered model 53427: value=0.0279609
4
3.7282637007065266843 184.1583582840648603 100.1538148514106723 2000
0.77192606531167751172 341.28453512594728636 143.2969518470092396 2000
9.1928682660918710212 344.69738047720676377 198.99505628600454088 2000
0 835.68046406161136019 383.75403670271452938 2000
# Layered model 48404: value=0.0279634
4
3.8032018010907275851 185.99994186690551601 100.1538148514106723 2000
0.74198986258765842194 337.90548032272010914 153.63372792435450265 2000
9.1478663684316892102 344.69738047720676377 198.99505628600454088 2000
0 844.03726870222760681 383.75403670271452938 2000
# Layered model 53402: value=0.0279655
4
3.7282637007065266843 184.1583582840648603 100.1538148514106723 2000
0.68325454850257383299 341.28453512594728636 139.08260969076923175 2000
9.2815397829009746999 344.69738047720676377 198.99505628600454088 2000
0 835.68046406161136019 383.75403670271452938 2000
# Layered model 50685: value=0.0280338
4
3.7655463377135918179 185.99994186690551601 100.1538148514106723 2000
0.69008709398760004206 321.5054701813455722 144.72992136547932773 2000
9.2374246004088824691 344.69738047720676377 198.99505628600454088 2000
0 844.03726870222760681 383.75403670271452938 2000
# Layered model 50039: value=0.0280348
4
3.7655463377135918179 185.99994186690551601 100.1538148514106723 2000
0.7346434283046123781 327.96773013199066327 144.72992136547932773 2000
9.1928682660918710212 344.69738047720676377 198.99505628600454088 2000
0 844.03726870222760681 383.75403670271452938 2000
# Layered model 54384: value=0.0280832
4
3.7282637007065266843 185.99994186690551601 100.1538148514106723 2000
0.68325454850257383299 308.96043748797927719 136.34213282106580323 2000
9.2815397829009746999 344.69738047720676377 198.99505628600454088 2000
0 844.03726870222760681 383.75403670271452938 2000
# Layered model 49743: value=0.0280868
4
3.7655463377135918179 185.99994186690551601 100.1538148514106723 2000
0.7346434283046123781 321.5054701813455722 146.17722057913411504 2000
9.1928682660918710212 344.69738047720676377 198.99505628600454088 2000
0 844.03726870222760681 383.75403670271452938 2000
# Layered model 49265: value=0.0281086
4
3.8032018010907275851 185.99994186690551601 100.1538148514106723 2000
0.83334821502759393042 341.28453512594728636 156.7217658556340325 2000
9.0565080159917528135 344.69738047720676377 198.99505628600454088 2000
0 835.68046406161136019 383.75403670271452938 2000
# Layered model 55617: value=0.0281326
4
3.691350198719333342 184.1583582840648603 100.1538148514106723 2000
0.72016805048976717529 324.72052488315904384 134.99221071392653926 2000
9.2815397829009746999 344.69738047720676377 198.99505628600454088 2000
0 844.03726870222760681 383.75403670271452938 2000
# Layered model 57222: value=0.0281623
4
3.654802176949834891 184.1583582840648603 100.1538148514106723 2000
0.75671607225926562634 312.05004186285907508 132.33233086356881358 2000
9.2815397829009746999 344.69738047720676377 198.99505628600454088 2000
0 844.03726870222760681 383.75403670271452938 2000
# Layered model 57971: value=0.0282321
4
3.691350198719333342 185.99994186690551601 100.1538148514106723 2000
0.67648965198274613186 302.87269629249999525 131.02210976590970404 2000
9.3252181814079957434 344.69738047720676377 198.99505628600454088 2000
0 844.03726870222760681 383.75403670271452938 2000
# Layered model 48850: value=0.0282358
4
3.8032018010907275851 185.99994186690551601 100.1538148514106723 2000
0.69698796492747661091 334.55988150764369493 152.11260190530148861 2000
9.1928682660918710212 344.69738047720676377 198.99505628600454088 2000
0 844.03726870222760681 383.75403670271452938 2000
# Layered model 49088: value=0.0282389
4
3.7655463377135918179 185.99994186690551601 100.1538148514106723 2000
0.7346434283046123781 331.24740743331057047 144.72992136547932773 2000
9.1928682660918710212 344.69738047720676377 198.99505628600454088 2000
0 835.68046406161136019 383.75403670271452938 2000
# Layered model 54016: value=0.0282727
4
3.7282637007065266843 185.99994186690551601 100.1538148514106723 2000
0.68325454850257383299 315.1705422814876556 136.34213282106580323 2000
9.2815397829009746999 344.69738047720676377 198.99505628600454088 2000
0 835.68046406161136019 383.75403670271452938 2000
# Layered model 49881: value=0.028315
4
3.7655463377135918179 185.99994186690551601 100.1538148514106723 2000
0.77964532596479418913 324.72052488315904384 147.63899278492544909 2000
9.1478663684316892102 344.69738047720676377 198.99505628600454088 2000
0 844.03726870222760681 383.75403670271452938 2000
# Layered model 43007: value=0.0283178
4
3.8796461572926510541 187.85994128557456406 100.1538148514106723 2000
0.75690385882567046139 341.28453512594728636 168.0269456184625767 2000
9.0565080159917528135 344.69738047720676377 198.99505628600454088 2000
0 835.68046406161136019 383.75403670271452938 2000
# Layered model 48674: value=0.0283241
4
3.8032018010907275851 185.99994186690551601 100.1538148514106723 2000
0.69698796492747661091 334.55988150764369493 150.60653653990246426 2000
9.1928682660918710212 344.69738047720676377 198.99505628600454088 2000
0 844.03726870222760681 383.75403670271452938 2000
# Layered model 50016: value=0.0283305
4
3.7655463377135918179 185.99994186690551601 100.1538148514106723 2000
0.7346434283046123781 327.96773013199066327 144.72992136547932773 2000
9.1928682660918710212 344.69738047720676377 198.99505628600454088 2000
0 835.68046406161136019 383.75403670271452938 2000
# Layered model 50102: value=0.0283605
4
3.7655463377135918179 185.99994186690551601 100.1538148514106723 2000
0.69008709398760004206 324.72052488315904384 144.72992136547932773 2000
9.2374246004088824691 344.69738047720676377 198.99505628600454088 2000
0 844.03726870222760681 383.75403670271452938 2000
# Layered model 46476: value=0.0283692
4
3.841233819101634861 187.85994128557456406 100.1538148514106723 2000
0.70395784457675114609 327.96773013199066327 156.7217658556340325 2000
9.1478663684316892102 344.69738047720676377 198.99505628600454088 2000
0 835.68046406161136019 383.75403670271452938 2000
# Layered model 49949: value=0.0284019
4
3.7655463377135918179 185.99994186690551601 100.1538148514106723 2000
0.69008709398760004206 324.72052488315904384 144.72992136547932773 2000
9.2374246004088824691 344.69738047720676377 198.99505628600454088 2000
0 835.68046406161136019 383.75403670271452938 2000
# Layered model 53825: value=0.028404
4
3.7282637007065266843 185.99994186690551601 100.1538148514106723 2000
0.72736973099466517567 315.1705422814876556 139.08260969076923175 2000
9.2374246004088824691 344.69738047720676377 198.99505628600454088 2000
0 835.68046406161136019 383.75403670271452938 2000
# Layered model 48622: value=0.0284092
4
3.8032018010907275851 185.99994186690551601 100.1538148514106723 2000
0.74198986258765842194 337.90548032272010914 152.11260190530148861 2000
9.1478663684316892102 344.69738047720676377 198.99505628600454088 2000
0 835.68046406161136019 383.75403670271452938 2000
# Layered model 57013: value=0.0284482
4
3.654802176949834891 184.1583582840648603 100.1538148514106723 2000
0.71303767375224458291 312.05004186285907508 129.72486115436603882 2000
9.3252181814079957434 344.69738047720676377 198.99505628600454088 2000
0 844.03726870222760681 383.75403670271452938 2000
# Layered model 53628: value=0.0284574
4
3.7282637007065266843 184.1583582840648603 100.1538148514106723 2000
0.72736973099466517567 337.90548032272010914 141.8781701455536961 2000
9.2374246004088824691 344.69738047720676377 198.99505628600454088 2000
0 844.03726870222760681 383.75403670271452938 2000
# Layered model 52563: value=0.028458
4
3.7282637007065266843 184.1583582840648603 100.1538148514106723 2000
0.81692796297185932275 337.90548032272010914 146.17722057913411504 2000
9.1478663684316892102 344.69738047720676377 198.99505628600454088 2000
0 835.68046406161136019 383.75403670271452938 2000
# Layered model 54021: value=0.0284599
4
3.7282637007065266843 185.99994186690551601 100.1538148514106723 2000
0.77192606531167751172 312.05004186285907508 141.8781701455536961 2000
9.1928682660918710212 344.69738047720676377 198.99505628600454088 2000
0 844.03726870222760681 383.75403670271452938 2000
# Layered model 56625: value=0.0284883
4
3.654802176949834891 184.1583582840648603 100.1538148514106723 2000
0.75671607225926562634 315.1705422814876556 132.33233086356881358 2000
9.2815397829009746999 344.69738047720676377 198.99505628600454088 2000
0 844.03726870222760681 383.75403670271452938 2000
# Layered model 52775: value=0.0285067
4
3.7282637007065266843 184.1583582840648603 100.1538148514106723 2000
0.77192606531167751172 337.90548032272010914 143.2969518470092396 2000
9.1928682660918710212 344.69738047720676377 198.99505628600454088 2000
0 835.68046406161136019 383.75403670271452938 2000
# Layered model 54727: value=0.0285175
4
3.691350198719333342 184.1583582840648603 100.1538148514106723 2000
0.76428323298185851797 327.96773013199066327 137.70555414927645188 2000
9.2374246004088824691 344.69738047720676377 198.99505628600454088 2000
0 835.68046406161136019 383.75403670271452938 2000
# Layered model 54200: value=0.0285304
4
3.691350198719333342 184.1583582840648603 100.1538148514106723 2000
0.76428323298185851797 327.96773013199066327 137.70555414927645188 2000
9.2374246004088824691 344.69738047720676377 198.99505628600454088 2000
0 844.03726870222760681 383.75403670271452938 2000
# Layered model 48438: value=0.0285618
4
3.8032018010907275851 185.99994186690551601 100.1538148514106723 2000
0.69698796492747661091 334.55988150764369493 150.60653653990246426 2000
9.1928682660918710212 344.69738047720676377 198.99505628600454088 2000
0 835.68046406161136019 383.75403670271452938 2000
# Layered model 54652: value=0.0285692
4
3.7282637007065266843 185.99994186690551601 100.1538148514106723 2000
0.72736973099466517567 318.32224770430252647 139.08260969076923175 2000
9.2374246004088824691 344.69738047720676377 198.99505628600454088 2000
0 844.03726870222760681 383.75403670271452938 2000
# Layered model 48475: value=0.0285779
4
3.8032018010907275851 185.99994186690551601 100.1538148514106723 2000
0.74198986258765842194 334.55988150764369493 153.63372792435450265 2000
9.1478663684316892102 344.69738047720676377 198.99505628600454088 2000
0 844.03726870222760681 383.75403670271452938 2000
# Layered model 42533: value=0.0285917
4
3.8796461572926510541 187.85994128557456406 100.1538148514106723 2000
0.71099742302251911497 337.90548032272010914 166.3633124935273031 2000
9.1024144517949050481 344.69738047720676377 198.99505628600454088 2000
0 835.68046406161136019 383.75403670271452938 2000
# Layered model 53737: value=0.0285972
4
3.7282637007065266843 184.1583582840648603 100.1538148514106723 2000
0.72736973099466517567 334.55988150764369493 141.8781701455536961 2000
9.2374246004088824691 344.69738047720676377 198.99505628600454088 2000
0 844.03726870222760681 383.75403670271452938 2000
# Layered model 53480: value=0.0286245
4
3.7282637007065266843 184.1583582840648603 100.1538148514106723 2000
0.68325454850257383299 334.55988150764369493 139.08260969076923175 2000
9.2815397829009746999 344.69738047720676377 198.99505628600454088 2000
0 844.03726870222760681 383.75403670271452938 2000
# Layered model 43102: value=0.0286264
4
3.8796461572926510541 187.85994128557456406 100.1538148514106723 2000
0.75690385882567046139 341.28453512594728636 166.3633124935273031 2000
9.0565080159917528135 344.69738047720676377 198.99505628600454088 2000
0 835.68046406161136019 383.75403670271452938 2000
# Layered model 56283: value=0.0286455
4
3.654802176949834891 184.1583582840648603 100.1538148514106723 2000
0.80083125475135696902 315.1705422814876556 134.99221071392653926 2000
9.2374246004088824691 344.69738047720676377 198.99505628600454088 2000
0 844.03726870222760681 383.75403670271452938 2000
# Layered model 55222: value=0.0286617
4
3.691350198719333342 184.1583582840648603 100.1538148514106723 2000
0.67648965198274613186 324.72052488315904384 132.33233086356881358 2000
9.3252181814079957434 344.69738047720676377 198.99505628600454088 2000
0 844.03726870222760681 383.75403670271452938 2000
# Layered model 59010: value=0.0286661
4
3.6186160167820147215 184.1583582840648603 100.1538148514106723 2000
0.79290223242708579576 302.87269629249999525 129.72486115436603882 2000
9.2815397829009746999 344.69738047720676377 198.99505628600454088 2000
0 844.03726870222760681 383.75403670271452938 2000
# Layered model 53223: value=0.0286679
4
3.7282637007065266843 184.1583582840648603 100.1538148514106723 2000
0.81692796297185932275 341.28453512594728636 146.17722057913411504 2000
9.1478663684316892102 344.69738047720676377 198.99505628600454088 2000
0 835.68046406161136019 383.75403670271452938 2000
# Layered model 54232: value=0.0286893
4
3.7282637007065266843 185.99994186690551601 100.1538148514106723 2000
0.72736973099466517567 312.05004186285907508 140.47343578767691952 2000
9.2374246004088824691 344.69738047720676377 198.99505628600454088 2000
0 844.03726870222760681 383.75403670271452938 2000
# Layered model 54914: value=0.0287009
4
3.691350198719333342 184.1583582840648603 100.1538148514106723 2000
0.72016805048976717529 327.96773013199066327 134.99221071392653926 2000
9.2815397829009746999 344.69738047720676377 198.99505628600454088 2000
0 844.03726870222760681 383.75403670271452938 2000
# Layered model 50011: value=0.0287195
4
3.7655463377135918179 185.99994186690551601 100.1538148514106723 2000
0.7346434283046123781 324.72052488315904384 144.72992136547932773 2000
9.1928682660918710212 344.69738047720676377 198.99505628600454088 2000
0 844.03726870222760681 383.75403670271452938 2000
# Layered model 48831: value=0.0287458
4
3.8032018010907275851 185.99994186690551601 100.1538148514106723 2000
0.787441779224442584 337.90548032272010914 155.17006520359805677 2000
9.1024144517949050481 344.69738047720676377 198.99505628600454088 2000
0 844.03726870222760681 383.75403670271452938 2000
# Layered model 53056: value=0.0287537
4
3.7282637007065266843 184.1583582840648603 100.1538148514106723 2000
0.77192606531167751172 337.90548032272010914 144.72992136547932773 2000
9.1928682660918710212 344.69738047720676377 198.99505628600454088 2000
0 835.68046406161136019 383.75403670271452938 2000
# Layered model 55805: value=0.0287668
4
3.691350198719333342 184.1583582840648603 100.1538148514106723 2000
0.80883956729887085402 324.72052488315904384 140.47343578767691952 2000
9.1928682660918710212 344.69738047720676377 198.99505628600454088 2000
0 844.03726870222760681 383.75403670271452938 2000
# Layered model 50035: value=0.0287801
4
3.7655463377135918179 185.99994186690551601 100.1538148514106723 2000
0.69008709398760004206 327.96773013199066327 141.8781701455536961 2000
9.2374246004088824691 344.69738047720676377 198.99505628600454088 2000
0 844.03726870222760681 383.75403670271452938 2000
# Layered model 54602: value=0.0287853
4
3.7282637007065266843 185.99994186690551601 100.1538148514106723 2000
0.68325454850257383299 312.05004186285907508 136.34213282106580323 2000
9.2815397829009746999 344.69738047720676377 198.99505628600454088 2000
0 835.68046406161136019 383.75403670271452938 2000
# Layered model 57292: value=0.0287947
4
3.654802176949834891 184.1583582840648603 100.1538148514106723 2000
0.80083125475135696902 312.05004186285907508 134.99221071392653926 2000
9.2374246004088824691 344.69738047720676377 198.99505628600454088 2000
0 844.03726870222760681 383.75403670271452938 2000
# Layered model 48806: value=0.0288015
4
3.8032018010907275851 185.99994186690551601 100.1538148514106723 2000
0.74198986258765842194 341.28453512594728636 152.11260190530148861 2000
9.1478663684316892102 344.69738047720676377 198.99505628600454088 2000
0 844.03726870222760681 383.75403670271452938 2000
# Layered model 54606: value=0.0288034
4
3.691350198719333342 184.1583582840648603 100.1538148514106723 2000
0.72016805048976717529 327.96773013199066327 134.99221071392653926 2000
9.2815397829009746999 344.69738047720676377 198.99505628600454088 2000
0 835.68046406161136019 383.75403670271452938 2000
# Layered model 53180: value=0.0288099
4
3.7282637007065266843 184.1583582840648603 100.1538148514106723 2000
0.72736973099466517567 334.55988150764369493 141.8781701455536961 2000
9.2374246004088824691 344.69738047720676377 198.99505628600454088 2000
0 835.68046406161136019 383.75403670271452938 2000
# Layered model 46002: value=0.0288109
4
3.841233819101634861 187.85994128557456406 100.1538148514106723 2000
0.70395784457675114609 331.24740743331057047 155.17006520359805677 2000
9.1478663684316892102 344.69738047720676377 198.99505628600454088 2000
0 835.68046406161136019 383.75403670271452938 2000
# Layered model 46233: value=0.0288224
4
3.841233819101634861 187.85994128557456406 100.1538148514106723 2000
0.70395784457675114609 327.96773013199066327 156.7217658556340325 2000
9.1478663684316892102 344.69738047720676377 198.99505628600454088 2000
0 844.03726870222760681 383.75403670271452938 2000
# Layered model 49601: value=0.0288344
4
3.8032018010907275851 185.99994186690551601 100.1538148514106723 2000
0.69698796492747661091 341.28453512594728636 149.11538271277470358 2000
9.1928682660918710212 344.69738047720676377 198.99505628600454088 2000
0 835.68046406161136019 383.75403670271452938 2000
# Layered model 59760: value=0.0288345
4
3.6186160167820147215 185.99994186690551601 100.1538148514106723 2000
0.70597789480420258812 282.49483210984561765 123.42875421792889767 2000
9.3684641205238570194 344.69738047720676377 198.99505628600454088 2000
0 844.03726870222760681 383.75403670271452938 2000
# Layered model 45804: value=0.028853
4
3.841233819101634861 187.85994128557456406 100.1538148514106723 2000
0.70395784457675114609 331.24740743331057047 156.7217658556340325 2000
9.1478663684316892102 344.69738047720676377 198.99505628600454088 2000
0 835.68046406161136019 383.75403670271452938 2000
# Layered model 48426: value=0.0288567
4
3.8032018010907275851 187.85994128557456406 100.1538148514106723 2000
0.69698796492747661091 315.1705422814876556 147.63899278492544909 2000
9.1928682660918710212 344.69738047720676377 198.99505628600454088 2000
0 844.03726870222760681 383.75403670271452938 2000
# Layered model 50306: value=0.0288629
4
3.7655463377135918179 185.99994186690551601 100.1538148514106723 2000
0.69008709398760004206 331.24740743331057047 143.2969518470092396 2000
9.2374246004088824691 344.69738047720676377 198.99505628600454088 2000
0 844.03726870222760681 383.75403670271452938 2000
# Layered model 58612: value=0.0288727
4
3.6186160167820147215 184.1583582840648603 100.1538148514106723 2000
0.74922383392006475233 302.87269629249999525 127.16876889948638052 2000
9.3252181814079957434 344.69738047720676377 198.99505628600454088 2000
0 844.03726870222760681 383.75403670271452938 2000
# Layered model 55015: value=0.0288834
4
3.691350198719333342 184.1583582840648603 100.1538148514106723 2000
0.76428323298185851797 324.72052488315904384 137.70555414927645188 2000
9.2374246004088824691 344.69738047720676377 198.99505628600454088 2000
0 835.68046406161136019 383.75403670271452938 2000
# Layered model 53614: value=0.0288934
4
3.7282637007065266843 185.99994186690551601 100.1538148514106723 2000
0.72736973099466517567 318.32224770430252647 139.08260969076923175 2000
9.2374246004088824691 344.69738047720676377 198.99505628600454088 2000
0 835.68046406161136019 383.75403670271452938 2000
# Layered model 53396: value=0.0288959
4
3.7282637007065266843 184.1583582840648603 100.1538148514106723 2000
0.77192606531167751172 337.90548032272010914 143.2969518470092396 2000
9.1928682660918710212 344.69738047720676377 198.99505628600454088 2000
0 844.03726870222760681 383.75403670271452938 2000
# Layered model 46000: value=0.028912
4
3.841233819101634861 187.85994128557456406 100.1538148514106723 2000
0.74940976121353530814 331.24740743331057047 158.28898351419036317 2000
9.1024144517949050481 344.69738047720676377 198.99505628600454088 2000
0 835.68046406161136019 383.75403670271452938 2000
# Layered model 50061: value=0.0289147
4
3.7655463377135918179 185.99994186690551601 100.1538148514106723 2000
0.7346434283046123781 331.24740743331057047 144.72992136547932773 2000
9.1928682660918710212 344.69738047720676377 198.99505628600454088 2000
0 844.03726870222760681 383.75403670271452938 2000
