# 60000 /scratch/04709/vantaj94/Reports_2020-02-17/VS2_Tar5_LN4_Sd1.report
# Layered model 54615: value=0.0471243
4
3.0860326788720282565 173.4855039537403627 101.15535299992477292 2000
1.0698170680323855208 271.47198107553475666 106.31529262433411986 2000
9.2674009462727990893 341.28453512594728636 198.99505628600454088 2000
0 1172.1061866843242569 372.46788725111838403 2000
# Layered model 56245: value=0.0471902
4
2.8783983970001676411 173.4855039537403627 101.15535299992477292 2000
1.2774513499042461362 248.21764346266547818 105.26266596468724401 2000
9.2674009462727990893 341.28453512594728636 198.99505628600454088 2000
0 1160.501174934974415 372.46788725111838403 2000
# Layered model 56425: value=0.0472386
4
2.8783983970001676411 173.4855039537403627 101.15535299992477292 2000
1.2774513499042461362 248.21764346266547818 105.26266596468724401 2000
9.2674009462727990893 341.28453512594728636 198.99505628600454088 2000
0 1172.1061866843242569 372.46788725111838403 2000
# Layered model 56661: value=0.0472473
4
2.8498994029704629583 173.4855039537403627 101.15535299992477292 2000
1.3059503439339508191 245.76004303234205395 105.26266596468724401 2000
9.2674009462727990893 341.28453512594728636 198.99505628600454088 2000
0 1160.501174934974415 372.46788725111838403 2000
# Layered model 54800: value=0.0472651
4
3.0554778998732952111 173.4855039537403627 101.15535299992477292 2000
1.1003718470311185662 266.12291057301712272 106.31529262433411986 2000
9.2674009462727990893 341.28453512594728636 198.99505628600454088 2000
0 1172.1061866843242569 372.46788725111838403 2000
# Layered model 55004: value=0.0473065
4
3.1168930056607484502 173.4855039537403627 101.15535299992477292 2000
1.0389567412436653271 276.92856789515303717 106.31529262433411986 2000
9.2674009462727990893 341.28453512594728636 198.99505628600454088 2000
0 1172.1061866843242569 372.46788725111838403 2000
# Layered model 56251: value=0.0473186
4
2.8498994029704629583 173.4855039537403627 101.15535299992477292 2000
1.3059503439339508191 245.76004303234205395 105.26266596468724401 2000
9.2674009462727990893 341.28453512594728636 198.99505628600454088 2000
0 1172.1061866843242569 372.46788725111838403 2000
# Layered model 56670: value=0.0473839
4
2.9071823809701693442 173.4855039537403627 101.15535299992477292 2000
1.2486673659342444331 250.69981989729214433 105.26266596468724401 2000
9.2674009462727990893 341.28453512594728636 198.99505628600454088 2000
0 1172.1061866843242569 372.46788725111838403 2000
# Layered model 56163: value=0.0473889
4
2.9071823809701693442 173.4855039537403627 101.15535299992477292 2000
1.2486673659342444331 250.69981989729214433 105.26266596468724401 2000
9.2674009462727990893 341.28453512594728636 198.99505628600454088 2000
0 1160.501174934974415 372.46788725111838403 2000
# Layered model 56325: value=0.0473998
4
3.0554778998732952111 173.4855039537403627 101.15535299992477292 2000
1.1003718470311185662 266.12291057301712272 106.31529262433411986 2000
9.2674009462727990893 341.28453512594728636 198.99505628600454088 2000
0 1160.501174934974415 372.46788725111838403 2000
# Layered model 56893: value=0.0474218
4
3.1168930056607484502 173.4855039537403627 101.15535299992477292 2000
1.0389567412436653271 276.92856789515303717 106.31529262433411986 2000
9.2674009462727990893 341.28453512594728636 198.99505628600454088 2000
0 1160.501174934974415 372.46788725111838403 2000
# Layered model 54616: value=0.047465
4
3.0860326788720282565 173.4855039537403627 101.15535299992477292 2000
1.0698170680323855208 271.47198107553475666 106.31529262433411986 2000
9.2674009462727990893 341.28453512594728636 198.99505628600454088 2000
0 1183.8272485511674859 372.46788725111838403 2000
# Layered model 56742: value=0.0474787
4
2.82168257719847837 173.4855039537403627 101.15535299992477292 2000
1.3341671697059354074 243.32677527954658103 105.26266596468724401 2000
9.2674009462727990893 341.28453512594728636 198.99505628600454088 2000
0 1160.501174934974415 372.46788725111838403 2000
# Layered model 56557: value=0.0475421
4
2.82168257719847837 173.4855039537403627 101.15535299992477292 2000
1.3341671697059354074 243.32677527954658103 105.26266596468724401 2000
9.2674009462727990893 341.28453512594728636 198.99505628600454088 2000
0 1172.1061866843242569 372.46788725111838403 2000
# Layered model 55018: value=0.0475656
4
3.0554778998732952111 173.4855039537403627 101.15535299992477292 2000
1.1003718470311185662 266.12291057301712272 106.31529262433411986 2000
9.2674009462727990893 341.28453512594728636 198.99505628600454088 2000
0 1183.8272485511674859 372.46788725111838403 2000
# Layered model 56323: value=0.0476046
4
2.8783983970001676411 173.4855039537403627 101.15535299992477292 2000
1.2774513499042461362 248.21764346266547818 105.26266596468724401 2000
9.2674009462727990893 341.28453512594728636 198.99505628600454088 2000
0 1149.0110642920537884 372.46788725111838403 2000
# Layered model 55015: value=0.0476254
4
3.1168930056607484502 173.4855039537403627 101.15535299992477292 2000
1.0389567412436653271 276.92856789515303717 106.31529262433411986 2000
9.2674009462727990893 341.28453512594728636 198.99505628600454088 2000
0 1183.8272485511674859 372.46788725111838403 2000
# Layered model 56496: value=0.0476379
4
2.8498994029704629583 173.4855039537403627 101.15535299992477292 2000
1.3059503439339508191 245.76004303234205395 105.26266596468724401 2000
9.2674009462727990893 341.28453512594728636 198.99505628600454088 2000
0 1149.0110642920537884 372.46788725111838403 2000
# Layered model 56381: value=0.0477167
4
2.8783983970001676411 173.4855039537403627 101.15535299992477292 2000
1.2774513499042461362 248.21764346266547818 105.26266596468724401 2000
9.2674009462727990893 341.28453512594728636 198.99505628600454088 2000
0 1183.8272485511674859 372.46788725111838403 2000
# Layered model 56510: value=0.0477779
4
3.0860326788720282565 173.4855039537403627 101.15535299992477292 2000
1.0698170680323855208 271.47198107553475666 106.31529262433411986 2000
9.2674009462727990893 341.28453512594728636 198.99505628600454088 2000
0 1149.0110642920537884 372.46788725111838403 2000
# Layered model 56331: value=0.047809
4
2.9071823809701693442 173.4855039537403627 101.15535299992477292 2000
1.2486673659342444331 250.69981989729214433 105.26266596468724401 2000
9.2674009462727990893 341.28453512594728636 198.99505628600454088 2000
0 1183.8272485511674859 372.46788725111838403 2000
# Layered model 56402: value=0.0478182
4
2.8498994029704629583 173.4855039537403627 101.15535299992477292 2000
1.3059503439339508191 245.76004303234205395 105.26266596468724401 2000
9.2674009462727990893 341.28453512594728636 198.99505628600454088 2000
0 1183.8272485511674859 372.46788725111838403 2000
# Layered model 59201: value=0.0478319
4
3.243451360431527597 173.4855039537403627 101.15535299992477292 2000
0.91239838647288618034 305.90142325542501567 107.37844555057746732 2000
9.2674009462727990893 341.28453512594728636 198.99505628600454088 2000
0 1172.1061866843242569 372.46788725111838403 2000
# Layered model 56232: value=0.0478557
4
2.9071823809701693442 173.4855039537403627 101.15535299992477292 2000
1.2486673659342444331 250.69981989729214433 105.26266596468724401 2000
9.2674009462727990893 341.28453512594728636 198.99505628600454088 2000
0 1149.0110642920537884 372.46788725111838403 2000
# Layered model 56856: value=0.0478751
4
2.82168257719847837 173.4855039537403627 101.15535299992477292 2000
1.3341671697059354074 243.32677527954658103 105.26266596468724401 2000
9.2674009462727990893 341.28453512594728636 198.99505628600454088 2000
0 1149.0110642920537884 372.46788725111838403 2000
# Layered model 56959: value=0.0478957
4
2.7937451259390875258 173.4855039537403627 101.15535299992477292 2000
1.3621046209653262515 240.9175992866797742 105.26266596468724401 2000
9.2674009462727990893 341.28453512594728636 198.99505628600454088 2000
0 1160.501174934974415 372.46788725111838403 2000
# Layered model 55168: value=0.0479176
4
3.0252256434389059869 173.4855039537403627 101.15535299992477292 2000
1.1306241034655077904 260.87923789139995279 106.31529262433411986 2000
9.2674009462727990893 341.28453512594728636 198.99505628600454088 2000
0 1172.1061866843242569 372.46788725111838403 2000
# Layered model 56720: value=0.0479256
4
2.9362542047798712019 173.4855039537403627 101.15535299992477292 2000
1.2195955421245425754 253.20681809626509562 105.26266596468724401 2000
9.2674009462727990893 341.28453512594728636 198.99505628600454088 2000
0 1172.1061866843242569 372.46788725111838403 2000
# Layered model 56766: value=0.0479359
4
3.243451360431527597 173.4855039537403627 101.15535299992477292 2000
0.91239838647288618034 305.90142325542501567 107.37844555057746732 2000
9.2674009462727990893 341.28453512594728636 198.99505628600454088 2000
0 1160.501174934974415 372.46788725111838403 2000
# Layered model 54645: value=0.0479718
4
2.8783983970001676411 173.4855039537403627 101.15535299992477292 2000
1.2363043227071726093 243.32677527954658103 104.22046135117548715 2000
9.3085479734698726162 341.28453512594728636 198.99505628600454088 2000
0 1172.1061866843242569 372.46788725111838403 2000
# Layered model 56667: value=0.0479975
4
3.0554778998732952111 173.4855039537403627 101.15535299992477292 2000
1.1003718470311185662 266.12291057301712272 106.31529262433411986 2000
9.2674009462727990893 341.28453512594728636 198.99505628600454088 2000
0 1149.0110642920537884 372.46788725111838403 2000
# Layered model 56909: value=0.0479999
4
3.1168930056607484502 173.4855039537403627 101.15535299992477292 2000
1.0389567412436653271 276.92856789515303717 106.31529262433411986 2000
9.2674009462727990893 341.28453512594728636 198.99505628600454088 2000
0 1149.0110642920537884 372.46788725111838403 2000
# Layered model 55512: value=0.0480013
4
3.1480619357173558193 173.4855039537403627 101.15535299992477292 2000
1.0077878111870579581 282.49483210984561765 106.31529262433411986 2000
9.2674009462727990893 341.28453512594728636 198.99505628600454088 2000
0 1172.1061866843242569 372.46788725111838403 2000
# Layered model 55994: value=0.0480129
4
2.9362542047798712019 173.4855039537403627 101.15535299992477292 2000
1.2195955421245425754 253.20681809626509562 105.26266596468724401 2000
9.2674009462727990893 341.28453512594728636 198.99505628600454088 2000
0 1160.501174934974415 372.46788725111838403 2000
# Layered model 57076: value=0.048032
4
2.82168257719847837 173.4855039537403627 101.15535299992477292 2000
1.3341671697059354074 243.32677527954658103 105.26266596468724401 2000
9.2674009462727990893 341.28453512594728636 198.99505628600454088 2000
0 1183.8272485511674859 372.46788725111838403 2000
# Layered model 53620: value=0.0480415
4
2.9656167468276697363 173.4855039537403627 101.15535299992477292 2000
1.1490859728796705141 253.20681809626509562 104.22046135117548715 2000
9.3085479734698726162 341.28453512594728636 198.99505628600454088 2000
0 1160.501174934974415 372.46788725111838403 2000
# Layered model 56635: value=0.0480558
4
3.1480619357173558193 173.4855039537403627 101.15535299992477292 2000
1.0077878111870579581 285.31978043094409259 106.31529262433411986 2000
9.2674009462727990893 341.28453512594728636 198.99505628600454088 2000
0 1160.501174934974415 372.46788725111838403 2000
# Layered model 53459: value=0.0480621
4
2.9656167468276697363 173.4855039537403627 101.15535299992477292 2000
1.1490859728796705141 253.20681809626509562 104.22046135117548715 2000
9.3085479734698726162 341.28453512594728636 198.99505628600454088 2000
0 1172.1061866843242569 372.46788725111838403 2000
# Layered model 54412: value=0.0480735
4
2.8498994029704629583 173.4855039537403627 101.15535299992477292 2000
1.2648033167368772922 240.9175992866797742 104.22046135117548715 2000
9.3085479734698726162 341.28453512594728636 198.99505628600454088 2000
0 1172.1061866843242569 372.46788725111838403 2000
# Layered model 58402: value=0.0480993
4
3.2758858740358429706 173.4855039537403627 101.15535299992477292 2000
0.87996387286857080667 318.32224770430252647 107.37844555057746732 2000
9.2674009462727990893 341.28453512594728636 198.99505628600454088 2000
0 1172.1061866843242569 372.46788725111838403 2000
# Layered model 54087: value=0.0480999
4
2.8783983970001676411 173.4855039537403627 101.15535299992477292 2000
1.2363043227071726093 243.32677527954658103 104.22046135117548715 2000
9.3085479734698726162 341.28453512594728636 198.99505628600454088 2000
0 1160.501174934974415 372.46788725111838403 2000
# Layered model 55617: value=0.0481061
4
3.1480619357173558193 173.4855039537403627 101.15535299992477292 2000
1.0077878111870579581 285.31978043094409259 106.31529262433411986 2000
9.2674009462727990893 341.28453512594728636 198.99505628600454088 2000
0 1172.1061866843242569 372.46788725111838403 2000
# Layered model 54404: value=0.0481109
4
2.9071823809701693442 173.4855039537403627 101.15535299992477292 2000
1.2075203387371709063 245.76004303234205395 104.22046135117548715 2000
9.3085479734698726162 341.28453512594728636 198.99505628600454088 2000
0 1172.1061866843242569 372.46788725111838403 2000
# Layered model 55005: value=0.0481141
4
3.0252256434389059869 173.4855039537403627 101.15535299992477292 2000
1.1306241034655077904 260.87923789139995279 106.31529262433411986 2000
9.2674009462727990893 341.28453512594728636 198.99505628600454088 2000
0 1183.8272485511674859 372.46788725111838403 2000
# Layered model 54006: value=0.048115
4
2.9362542047798712019 173.4855039537403627 101.15535299992477292 2000
1.1784485149274690485 250.69981989729214433 104.22046135117548715 2000
9.3085479734698726162 341.28453512594728636 198.99505628600454088 2000
0 1160.501174934974415 372.46788725111838403 2000
# Layered model 56703: value=0.0481569
4
3.243451360431527597 173.4855039537403627 101.15535299992477292 2000
0.91239838647288618034 305.90142325542501567 107.37844555057746732 2000
9.2674009462727990893 341.28453512594728636 198.99505628600454088 2000
0 1183.8272485511674859 372.46788725111838403 2000
# Layered model 56692: value=0.0481782
4
3.2758858740358429706 173.4855039537403627 101.15535299992477292 2000
0.87996387286857080667 318.32224770430252647 107.37844555057746732 2000
9.2674009462727990893 341.28453512594728636 198.99505628600454088 2000
0 1160.501174934974415 372.46788725111838403 2000
# Layered model 56802: value=0.0481942
4
3.1480619357173558193 173.4855039537403627 101.15535299992477292 2000
1.0077878111870579581 282.49483210984561765 106.31529262433411986 2000
9.2674009462727990893 341.28453512594728636 198.99505628600454088 2000
0 1160.501174934974415 372.46788725111838403 2000
# Layered model 57068: value=0.048196
4
3.1168930056607484502 173.4855039537403627 101.15535299992477292 2000
1.0389567412436653271 279.69785357410455617 106.31529262433411986 2000
9.2674009462727990893 341.28453512594728636 198.99505628600454088 2000
0 1160.501174934974415 372.46788725111838403 2000
# Layered model 54217: value=0.0481981
4
2.8498994029704629583 173.4855039537403627 101.15535299992477292 2000
1.2648033167368772922 240.9175992866797742 104.22046135117548715 2000
9.3085479734698726162 341.28453512594728636 198.99505628600454088 2000
0 1160.501174934974415 372.46788725111838403 2000
# Layered model 55189: value=0.0482011
4
3.0860326788720282565 173.4855039537403627 101.15535299992477292 2000
1.0698170680323855208 271.47198107553475666 106.31529262433411986 2000
9.2674009462727990893 341.28453512594728636 198.99505628600454088 2000
0 1195.665521036679138 372.46788725111838403 2000
# Layered model 59904: value=0.0482025
4
3.2113379806252746462 173.4855039537403627 101.15535299992477292 2000
0.94451176627913913109 293.96525509778211926 107.37844555057746732 2000
9.2674009462727990893 341.28453512594728636 198.99505628600454088 2000
0 1172.1061866843242569 372.46788725111838403 2000
# Layered model 56203: value=0.0482347
4
3.2113379806252746462 173.4855039537403627 101.15535299992477292 2000
0.94451176627913913109 296.904907648759945 107.37844555057746732 2000
9.2674009462727990893 341.28453512594728636 198.99505628600454088 2000
0 1160.501174934974415 372.46788725111838403 2000
# Layered model 55230: value=0.0482384
4
3.1480619357173558193 173.4855039537403627 101.15535299992477292 2000
1.0077878111870579581 282.49483210984561765 106.31529262433411986 2000
9.2674009462727990893 341.28453512594728636 198.99505628600454088 2000
0 1183.8272485511674859 372.46788725111838403 2000
# Layered model 53612: value=0.0482424
4
2.9362542047798712019 173.4855039537403627 101.15535299992477292 2000
1.1784485149274690485 250.69981989729214433 104.22046135117548715 2000
9.3085479734698726162 341.28453512594728636 198.99505628600454088 2000
0 1172.1061866843242569 372.46788725111838403 2000
# Layered model 55450: value=0.0482625
4
3.0554778998732952111 173.4855039537403627 101.15535299992477292 2000
1.1003718470311185662 266.12291057301712272 106.31529262433411986 2000
9.2674009462727990893 341.28453512594728636 198.99505628600454088 2000
0 1195.665521036679138 372.46788725111838403 2000
# Layered model 55819: value=0.0482661
4
2.9362542047798712019 173.4855039537403627 101.15535299992477292 2000
1.2195955421245425754 253.20681809626509562 105.26266596468724401 2000
9.2674009462727990893 341.28453512594728636 198.99505628600454088 2000
0 1183.8272485511674859 372.46788725111838403 2000
# Layered model 54164: value=0.0482707
4
2.8783983970001676411 173.4855039537403627 101.15535299992477292 2000
1.2363043227071726093 243.32677527954658103 104.22046135117548715 2000
9.3085479734698726162 341.28453512594728636 198.99505628600454088 2000
0 1183.8272485511674859 372.46788725111838403 2000
# Layered model 54010: value=0.0482716
4
2.9071823809701693442 173.4855039537403627 101.15535299992477292 2000
1.2075203387371709063 245.76004303234205395 104.22046135117548715 2000
9.3085479734698726162 341.28453512594728636 198.99505628600454088 2000
0 1160.501174934974415 372.46788725111838403 2000
# Layered model 55566: value=0.0483394
4
3.1168930056607484502 173.4855039537403627 101.15535299992477292 2000
1.0389567412436653271 276.92856789515303717 106.31529262433411986 2000
9.2674009462727990893 341.28453512594728636 198.99505628600454088 2000
0 1195.665521036679138 372.46788725111838403 2000
# Layered model 54824: value=0.0483426
4
3.1168930056607484502 173.4855039537403627 101.15535299992477292 2000
1.0389567412436653271 279.69785357410455617 106.31529262433411986 2000
9.2674009462727990893 341.28453512594728636 198.99505628600454088 2000
0 1172.1061866843242569 372.46788725111838403 2000
# Layered model 54211: value=0.048375
4
2.8498994029704629583 173.4855039537403627 101.15535299992477292 2000
1.2648033167368772922 240.9175992866797742 104.22046135117548715 2000
9.3085479734698726162 341.28453512594728636 198.99505628600454088 2000
0 1183.8272485511674859 372.46788725111838403 2000
# Layered model 53999: value=0.0483769
4
2.9071823809701693442 173.4855039537403627 101.15535299992477292 2000
1.2075203387371709063 245.76004303234205395 104.22046135117548715 2000
9.3085479734698726162 341.28453512594728636 198.99505628600454088 2000
0 1183.8272485511674859 372.46788725111838403 2000
# Layered model 59561: value=0.0483775
4
3.243451360431527597 173.4855039537403627 101.15535299992477292 2000
0.91239838647288618034 302.87269629249999525 107.37844555057746732 2000
9.2674009462727990893 341.28453512594728636 198.99505628600454088 2000
0 1172.1061866843242569 372.46788725111838403 2000
# Layered model 57804: value=0.0483814
4
3.2113379806252746462 173.4855039537403627 101.15535299992477292 2000
0.94451176627913913109 293.96525509778211926 107.37844555057746732 2000
9.2674009462727990893 341.28453512594728636 198.99505628600454088 2000
0 1183.8272485511674859 372.46788725111838403 2000
# Layered model 55186: value=0.0484133
4
3.0860326788720282565 173.4855039537403627 101.15535299992477292 2000
1.0698170680323855208 268.78413967874729451 106.31529262433411986 2000
9.2674009462727990893 341.28453512594728636 198.99505628600454088 2000
0 1172.1061866843242569 372.46788725111838403 2000
# Layered model 55089: value=0.0484184
4
2.82168257719847837 173.4855039537403627 101.15535299992477292 2000
1.2930201425088618805 238.5322765214651497 104.22046135117548715 2000
9.3085479734698726162 341.28453512594728636 198.99505628600454088 2000
0 1172.1061866843242569 372.46788725111838403 2000
# Layered model 53421: value=0.0484311
4
2.9952729142959464426 173.4855039537403627 101.15535299992477292 2000
1.1194298054113938079 255.73888627722772071 104.22046135117548715 2000
9.3085479734698726162 341.28453512594728636 198.99505628600454088 2000
0 1172.1061866843242569 372.46788725111838403 2000
# Layered model 54161: value=0.0484396
4
2.9362542047798712019 173.4855039537403627 101.15535299992477292 2000
1.1784485149274690485 250.69981989729214433 104.22046135117548715 2000
9.3085479734698726162 341.28453512594728636 198.99505628600454088 2000
0 1149.0110642920537884 372.46788725111838403 2000
# Layered model 53613: value=0.048443
4
2.9071823809701693442 173.4855039537403627 101.15535299992477292 2000
1.2075203387371709063 248.21764346266547818 104.22046135117548715 2000
9.3085479734698726162 341.28453512594728636 198.99505628600454088 2000
0 1160.501174934974415 372.46788725111838403 2000
# Layered model 57609: value=0.048446
4
3.2758858740358429706 173.4855039537403627 101.15535299992477292 2000
0.87996387286857080667 318.32224770430252647 107.37844555057746732 2000
9.2674009462727990893 341.28453512594728636 198.99505628600454088 2000
0 1183.8272485511674859 372.46788725111838403 2000
# Layered model 56076: value=0.048453
4
3.2113379806252746462 173.4855039537403627 101.15535299992477292 2000
0.94451176627913913109 293.96525509778211926 107.37844555057746732 2000
9.2674009462727990893 341.28453512594728636 198.99505628600454088 2000
0 1160.501174934974415 372.46788725111838403 2000
# Layered model 56677: value=0.0484567
4
3.0860326788720282565 173.4855039537403627 101.15535299992477292 2000
1.0698170680323855208 274.18670088629011161 106.31529262433411986 2000
9.2674009462727990893 341.28453512594728636 198.99505628600454088 2000
0 1160.501174934974415 372.46788725111838403 2000
# Layered model 55972: value=0.0484599
4
3.1480619357173558193 173.4855039537403627 101.15535299992477292 2000
1.0077878111870579581 285.31978043094409259 106.31529262433411986 2000
9.2674009462727990893 341.28453512594728636 198.99505628600454088 2000
0 1149.0110642920537884 372.46788725111838403 2000
# Layered model 56128: value=0.0484615
4
3.0252256434389059869 173.4855039537403627 101.15535299992477292 2000
1.1306241034655077904 263.4880302703139705 106.31529262433411986 2000
9.2674009462727990893 341.28453512594728636 198.99505628600454088 2000
0 1160.501174934974415 372.46788725111838403 2000
# Layered model 54812: value=0.04847
4
3.0860326788720282565 173.4855039537403627 101.15535299992477292 2000
1.0698170680323855208 268.78413967874729451 106.31529262433411986 2000
9.2674009462727990893 341.28453512594728636 198.99505628600454088 2000
0 1183.8272485511674859 372.46788725111838403 2000
# Layered model 54246: value=0.0484754
4
2.9656167468276697363 173.4855039537403627 101.15535299992477292 2000
1.1490859728796705141 253.20681809626509562 104.22046135117548715 2000
9.3085479734698726162 341.28453512594728636 198.99505628600454088 2000
0 1149.0110642920537884 372.46788725111838403 2000
# Layered model 56776: value=0.0484976
4
3.243451360431527597 173.4855039537403627 101.15535299992477292 2000
0.91239838647288618034 305.90142325542501567 107.37844555057746732 2000
9.2674009462727990893 341.28453512594728636 198.99505628600454088 2000
0 1149.0110642920537884 372.46788725111838403 2000
# Layered model 58720: value=0.0484992
4
3.2758858740358429706 173.4855039537403627 101.15535299992477292 2000
0.87996387286857080667 315.1705422814876556 107.37844555057746732 2000
9.2674009462727990893 341.28453512594728636 198.99505628600454088 2000
0 1172.1061866843242569 372.46788725111838403 2000
# Layered model 58419: value=0.0485039
4
2.8783983970001676411 173.4855039537403627 101.15535299992477292 2000
1.2774513499042461362 248.21764346266547818 105.26266596468724401 2000
9.2674009462727990893 341.28453512594728636 198.99505628600454088 2000
0 1137.6347171208453801 372.46788725111838403 2000
# Layered model 53019: value=0.0485046
4
2.9656167468276697363 173.4855039537403627 101.15535299992477292 2000
1.1490859728796705141 253.20681809626509562 104.22046135117548715 2000
9.3085479734698726162 341.28453512594728636 198.99505628600454088 2000
0 1183.8272485511674859 372.46788725111838403 2000
# Layered model 57202: value=0.0485095
4
3.243451360431527597 173.4855039537403627 101.15535299992477292 2000
0.91239838647288618034 302.87269629249999525 107.37844555057746732 2000
9.2674009462727990893 341.28453512594728636 198.99505628600454088 2000
0 1183.8272485511674859 372.46788725111838403 2000
# Layered model 56812: value=0.0485161
4
3.243451360431527597 173.4855039537403627 101.15535299992477292 2000
0.91239838647288618034 308.96043748797927719 107.37844555057746732 2000
9.2674009462727990893 341.28453512594728636 198.99505628600454088 2000
0 1160.501174934974415 372.46788725111838403 2000
# Layered model 56228: value=0.0485277
4
3.0554778998732952111 173.4855039537403627 101.15535299992477292 2000
1.1003718470311185662 268.78413967874729451 106.31529262433411986 2000
9.2674009462727990893 341.28453512594728636 198.99505628600454088 2000
0 1160.501174934974415 372.46788725111838403 2000
# Layered model 55002: value=0.0485444
4
3.0252256434389059869 173.4855039537403627 101.15535299992477292 2000
1.1306241034655077904 263.4880302703139705 106.31529262433411986 2000
9.2674009462727990893 341.28453512594728636 198.99505628600454088 2000
0 1172.1061866843242569 372.46788725111838403 2000
# Layered model 53018: value=0.0485455
4
2.9952729142959464426 173.4855039537403627 101.15535299992477292 2000
1.1194298054113938079 255.73888627722772071 104.22046135117548715 2000
9.3085479734698726162 341.28453512594728636 198.99505628600454088 2000
0 1160.501174934974415 372.46788725111838403 2000
# Layered model 56208: value=0.0485573
4
2.9362542047798712019 173.4855039537403627 101.15535299992477292 2000
1.2195955421245425754 253.20681809626509562 105.26266596468724401 2000
9.2674009462727990893 341.28453512594728636 198.99505628600454088 2000
0 1149.0110642920537884 372.46788725111838403 2000
# Layered model 57112: value=0.0485582
4
2.7660842831080074689 173.4855039537403627 101.15535299992477292 2000
1.3897654637964063085 238.5322765214651497 105.26266596468724401 2000
9.2674009462727990893 341.28453512594728636 198.99505628600454088 2000
0 1172.1061866843242569 372.46788725111838403 2000
# Layered model 55887: value=0.0485772
4
3.1795425550745295418 173.4855039537403627 101.15535299992477292 2000
0.97630719182988423555 291.05470801760606037 106.31529262433411986 2000
9.2674009462727990893 341.28453512594728636 198.99505628600454088 2000
0 1172.1061866843242569 372.46788725111838403 2000
# Layered model 56012: value=0.0485788
4
2.9656167468276697363 173.4855039537403627 101.15535299992477292 2000
1.190233000076744041 258.29627513999997745 105.26266596468724401 2000
9.2674009462727990893 341.28453512594728636 198.99505628600454088 2000
0 1160.501174934974415 372.46788725111838403 2000
# Layered model 53890: value=0.0485798
4
2.9362542047798712019 173.4855039537403627 101.15535299992477292 2000
1.1784485149274690485 248.21764346266547818 104.22046135117548715 2000
9.3085479734698726162 341.28453512594728636 198.99505628600454088 2000
0 1172.1061866843242569 372.46788725111838403 2000
# Layered model 56627: value=0.0485817
4
2.8783983970001676411 173.4855039537403627 101.15535299992477292 2000
1.2774513499042461362 248.21764346266547818 105.26266596468724401 2000
9.2674009462727990893 341.28453512594728636 198.99505628600454088 2000
0 1195.665521036679138 372.46788725111838403 2000
# Layered model 57697: value=0.048585
4
3.2113379806252746462 173.4855039537403627 101.15535299992477292 2000
0.94451176627913913109 296.904907648759945 107.37844555057746732 2000
9.2674009462727990893 341.28453512594728636 198.99505628600454088 2000
0 1183.8272485511674859 372.46788725111838403 2000
# Layered model 59030: value=0.0486037
4
3.243451360431527597 173.4855039537403627 101.15535299992477292 2000
0.91239838647288618034 308.96043748797927719 107.37844555057746732 2000
9.2674009462727990893 341.28453512594728636 198.99505628600454088 2000
0 1172.1061866843242569 372.46788725111838403 2000
# Layered model 55200: value=0.0486412
4
3.0860326788720282565 173.4855039537403627 101.15535299992477292 2000
1.0698170680323855208 274.18670088629011161 106.31529262433411986 2000
9.2674009462727990893 341.28453512594728636 198.99505628600454088 2000
0 1172.1061866843242569 372.46788725111838403 2000
# Layered model 54309: value=0.0486467
4
2.9071823809701693442 173.4855039537403627 101.15535299992477292 2000
1.2075203387371709063 248.21764346266547818 104.22046135117548715 2000
9.3085479734698726162 341.28453512594728636 198.99505628600454088 2000
0 1172.1061866843242569 372.46788725111838403 2000
# Layered model 55201: value=0.0486467
4
2.9952729142959464426 173.4855039537403627 101.15535299992477292 2000
1.1605768326084673348 258.29627513999997745 106.31529262433411986 2000
9.2674009462727990893 341.28453512594728636 198.99505628600454088 2000
0 1172.1061866843242569 372.46788725111838403 2000
# Layered model 56815: value=0.0486546
4
3.2758858740358429706 173.4855039537403627 101.15535299992477292 2000
0.87996387286857080667 321.5054701813455722 107.37844555057746732 2000
9.2674009462727990893 341.28453512594728636 198.99505628600454088 2000
0 1160.501174934974415 372.46788725111838403 2000
# Layered model 57503: value=0.0486752
4
3.2758858740358429706 173.4855039537403627 101.15535299992477292 2000
0.87996387286857080667 315.1705422814876556 107.37844555057746732 2000
9.2674009462727990893 341.28453512594728636 198.99505628600454088 2000
0 1183.8272485511674859 372.46788725111838403 2000
# Layered model 56088: value=0.0486781
4
3.1795425550745295418 173.4855039537403627 101.15535299992477292 2000
0.97630719182988423555 291.05470801760606037 106.31529262433411986 2000
9.2674009462727990893 341.28453512594728636 198.99505628600454088 2000
0 1160.501174934974415 372.46788725111838403 2000
