# 60000 /scratch/04709/vantaj94/Reports_2020-02-17/VS2_Tar5_LR20_Sd0.report
# Layered model 58559: value=0.0902307
7
0.74377926966632679218 175.2203589932777561 97.20830597214859381 2000
1.8554936558930601453 337.90548032272010914 101.15535299992477292 2000
1.8230945999501826371 446.47145881582486027 103.18857559522325573 2000
10.341531752982987769 626.21059311663179869 180.14762850411580075 2000
13.593028763700749195 698.64333708673984802 311.38960272210420044 2000
11.00484606229604978 811.10322523380193616 314.50349874932521743 2000
0 1333.9661750197158199 387.59157706974167468 2000
# Layered model 57432: value=0.108381
7
0.72912387968466496613 205.45965111138164616 96.245847497176825414 2000
2.1708026477060964332 250.69981989729214433 100.1538148514106723 2000
1.3923798233839819183 365.90321523593479469 101.15535299992477292 2000
10.61923192050273812 446.47145881582486027 183.76859583704853662 2000
8.5606229371819537732 578.29497648390736231 337.19031937049442149 2000
15.11403044381912153 651.63725430164538466 343.96784478984136513 2000
0 1307.6817714142887326 403.32934934099722568 2000
# Layered model 55473: value=0.110707
7
0.70768045424071690519 175.2203589932777561 100.1538148514106723 2000
1.3191505478386229555 248.21764346266547818 101.15535299992477292 2000
2.3955365234302297139 400.18295773139772109 103.18857559522325573 2000
10.341531752982987769 620.0104882342889141 180.14762850411580075 2000
14.163003017348833268 741.62398040070127081 311.38960272210420044 2000
11.226043468148201754 779.45425679630238847 320.82501907418668452 2000
0 1347.3058367699129576 387.59157706974167468 2000
# Layered model 54204: value=0.112562
7
0.83810909795329313621 175.2203589932777561 99.162192922188779676 2000
1.1686542704420928018 236.17057081333183532 100.1538148514106723 2000
2.3718183400299301944 250.69981989729214433 105.26266596468724401 2000
9.9511134762756157102 473.93845020122256528 187.46234461337320454 2000
11.08729197546267109 518.33950314392757264 305.25399737486930007 2000
12.787162990607246371 803.07250023148708351 376.19256612362960368 2000
0 1183.8272485511674859 395.38216776884348747 2000
# Layered model 39050: value=0.113407
7
0.80540636966533807328 224.70819455138510534 98.180389031870078043 2000
2.0658080138898715639 288.17297823525353806 99.162192922188779676 2000
1.5073673248701067173 315.1705422814876556 105.26266596468724401 2000
9.5296792606516156354 408.22663518179882658 180.14762850411580075 2000
14.732236353538308293 613.8717705289989226 317.6485337368184787 2000
10.721276781874117034 1050.5865745745122695 361.51366178536022744 2000
0 1256.6564791676025834 391.46749284043909256 2000
# Layered model 55422: value=0.114848
7
0.85495509082215437324 209.58939009872042902 97.20830597214859381 2000
1.8498587385993749965 308.96043748797927719 99.162192922188779676 2000
1.7617773713431361671 331.24740743331057047 106.31529262433411986 2000
9.441669768312266342 416.4319905489529674 180.14762850411580075 2000
15.895155393230751883 584.07792624874639387 317.6485337368184787 2000
9.1686372064936598747 1061.0924403202573103 387.59157706974167468 2000
0 1172.1061866843242569 395.38216776884348747 2000
# Layered model 54973: value=0.116849
7
0.82159503769561137432 276.92856789515303717 97.20830597214859381 2000
2.1366200128957042459 327.96773013199066327 98.180389031870078043 2000
1.3340913001834278084 404.18478730871169091 99.162192922188779676 2000
9.6159546183021866739 469.24599029824008767 180.14762850411580075 2000
9.7986218514671001856 645.1854002986588057 287.56307376929566999 2000
17.253137153301750573 787.24879936426543736 343.96784478984136513 2000
0 1780.1830317733758875 387.59157706974167468 2000
# Layered model 58991: value=0.118332
7
0.77397969056965099099 182.33500820204440629 100.1538148514106723 2000
1.6026390593378834204 236.17057081333183532 101.15535299992477292 2000
2.0019629585177818321 404.18478730871169091 102.16690652992402022 2000
10.532956562852167082 446.47145881582486027 185.60628179541902227 2000
11.537480489707274245 678.09633989168196422 320.82501907418668452 2000
11.376872477402223183 803.07250023148708351 347.40752323773978105 2000
0 1908.5971615852729428 383.75403670271452938 2000
# Layered model 57466: value=0.121403
7
0.81346043336199147511 209.58939009872042902 98.180389031870078043 2000
2.1154653593026777614 243.32677527954658103 100.1538148514106723 2000
1.4934417328449005602 420.5963104544425164 103.18857559522325573 2000
10.050624611038372791 455.44553513802287625 183.76859583704853662 2000
11.976026624436814316 595.81789256634613139 305.25399737486930007 2000
10.631552985301865988 645.1854002986588057 354.39041445481836945 2000
0 1219.6983980095162678 395.38216776884348747 2000
# Layered model 53414: value=0.123347
7
0.76631652531648608573 182.33500820204440629 95.29291831403645574 2000
0.25378347468351392102 268.78413967874729451 100.1538148514106723 2000
3.3151294142824907496 279.69785357410455617 102.16690652992402022 2000
9.2989838678240985814 400.18295773139772109 183.76859583704853662 2000
10.549177883130376188 539.38616551297866408 305.25399737486930007 2000
8.0753331447630323225 1040.1847273014973325 368.78008638724594448 2000
0 1458.9391598781519406 391.46749284043909256 2000
# Layered model 56553: value=0.124917
7
0.78171948747534747426 250.69981989729214433 97.20830597214859381 2000
1.1660252671113082723 296.904907648759945 98.180389031870078043 2000
2.3020635135071501054 341.28453512594728636 99.162192922188779676 2000
9.3844050140127848181 408.22663518179882658 180.14762850411580075 2000
7.4044415104369925018 503.09521503320638658 290.43870450698864261 2000
16.787236445843397803 951.08232073789292826 365.12879840321380698 2000
0 1762.5574572013624675 383.75403670271452938 2000
# Layered model 45351: value=0.125368
7
0.70067371707001668835 173.4855039537403627 99.162192922188779676 2000
1.9773597774067450672 238.5322765214651497 101.15535299992477292 2000
1.7005482139485543769 429.0502962945768104 103.18857559522325573 2000
10.385317570067240212 437.67420725009782245 185.60628179541902227 2000
13.876598044122681941 601.77607149200957792 320.82501907418668452 2000
8.4400744236713833857 819.2142574861400135 357.93431859936657702 2000
0 970.1990753847248925 391.46749284043909256 2000
# Layered model 56036: value=0.126153
7
0.71475725878312412753 176.97256258321053224 97.20830597214859381 2000
2.1280292595883700812 245.76004303234205395 101.15535299992477292 2000
1.623804682393171106 384.56795657687092671 104.22046135117548715 2000
10.297308077727890918 493.18225177257750147 185.60628179541902227 2000
13.876598044122681941 651.63725430164538466 311.38960272210420044 2000
6.6403943708167361137 795.12128735790793144 343.96784478984136513 2000
0 1071.7033647234597993 387.59157706974167468 2000
# Layered model 41815: value=0.126345
7
0.78171948747534747426 185.99994186690551601 99.162192922188779676 2000
1.6426692993053286784 240.9175992866797742 100.1538148514106723 2000
1.9979787387288934219 312.05004186285907508 104.22046135117548715 2000
10.050624611038372791 433.34079925752257623 187.46234461337320454 2000
9.4709595122015297619 550.22782743978950748 302.23168056917751301 2000
13.50742581500001549 705.62977045760726469 365.12879840321380698 2000
0 989.70007679995774197 395.38216776884348747 2000
# Layered model 55419: value=0.127692
7
0.80540636966533807328 182.33500820204440629 100.1538148514106723 2000
1.846111941697792691 233.83224833003146159 101.15535299992477292 2000
1.8597388014091813524 408.22663518179882658 104.22046135117548715 2000
10.106464945141109268 503.09521503320638658 185.60628179541902227 2000
11.569425230190297782 578.29497648390736231 299.23928769225494761 2000
13.568244557430528374 727.01105813224319263 354.39041445481836945 2000
0 989.70007679995774197 395.38216776884348747 2000
# Layered model 40017: value=0.128634
7
0.72190483137095540211 199.41711316535813125 97.20830597214859381 2000
1.7759453600379617733 302.87269629249999525 99.162192922188779676 2000
1.837379222873573692 331.24740743331057047 103.18857559522325573 2000
9.7121141644852091446 459.99999048940310331 181.94910478915696217 2000
11.117990243176462783 566.90028083904257983 293.34309155205852448 2000
14.196440282545193412 895.96256858564538561 361.51366178536022744 2000
0 1172.1061866843242569 391.46749284043909256 2000
# Layered model 57650: value=0.129518
7
0.73641511848151164354 201.41128429701171854 97.20830597214859381 2000
1.4151068320885249463 260.87923789139995279 99.162192922188779676 2000
2.315069250194628836 324.72052488315904384 103.18857559522325573 2000
9.8631039839362664168 455.44553513802287625 183.76859583704853662 2000
12.11932357628382384 620.0104882342889141 314.50349874932521743 2000
14.105456460644731465 1009.5930483436369514 343.96784478984136513 2000
0 1219.6983980095162678 391.46749284043909256 2000
# Layered model 59715: value=0.129754
7
0.71475725878312412753 191.63592610541462591 97.20830597214859381 2000
2.214168533881545109 199.41711316535813125 101.15535299992477292 2000
1.3208824754291366155 396.2207502291066703 102.16690652992402022 2000
9.938008746461573395 572.56928364743305337 185.60628179541902227 2000
15.32051601743242486 601.77607149200957792 296.27652246757912735 2000
4.3959104212273842904 771.73688791713107094 372.46788725111838403 2000
0 1160.501174934974415 383.75403670271452938 2000
# Layered model 59786: value=0.130859
7
0.70067371707001668835 224.70819455138510534 98.180389031870078043 2000
0.60753516104706373202 358.69347636107715971 99.162192922188779676 2000
3.027020536165410558 384.56795657687092671 100.1538148514106723 2000
10.576308856994991459 518.33950314392757264 181.94910478915696217 2000
13.445389770915824101 595.81789256634613139 314.50349874932521743 2000
6.2287907044315069527 869.61244198117378801 327.27360195757785277 2000
0 932.34224168012246992 391.46749284043909256 2000
# Layered model 56786: value=0.130915
7
0.71475725878312412753 222.48336094196545787 95.29291831403645574 2000
0.80403263585022100024 263.4880302703139705 98.180389031870078043 2000
2.8164395196491458506 362.28041112468793017 101.15535299992477292 2000
9.5730315547944400123 384.56795657687092671 180.14762850411580075 2000
14.448667073116375548 787.24879936426543736 314.50349874932521743 2000
5.2116298322771790197 923.11113037635902856 343.96784478984136513 2000
0 1082.4203983706943291 383.75403670271452938 2000
# Layered model 59882: value=0.130969
7
0.77397969056965099099 171.76782569677263268 100.1538148514106723 2000
1.9040538039071108756 268.78413967874729451 102.16690652992402022 2000
1.7443340310328077081 392.29777250406596067 103.18857559522325573 2000
9.9073276591913632672 464.5999903942971514 183.76859583704853662 2000
11.08729197546267109 651.63725430164538466 299.23928769225494761 2000
12.408904078223375933 844.03726870222760681 337.19031937049442149 2000
0 1458.9391598781519406 391.46749284043909256 2000
# Layered model 49846: value=0.133371
7
0.72912387968466496613 176.97256258321053224 100.1538148514106723 2000
1.9223944316784655761 201.41128429701171854 102.16690652992402022 2000
1.5982899567306749766 408.22663518179882658 104.22046135117548715 2000
9.5207471468338482623 561.28740677132930159 180.14762850411580075 2000
16.03286094738002987 601.77607149200957792 296.27652246757912735 2000
7.6479611014418047432 941.66566409692381967 361.51366178536022744 2000
0 1579.8220523774548383 383.75403670271452938 2000
# Layered model 55862: value=0.134533
7
0.70067371707001668835 209.58939009872042902 97.20830597214859381 2000
2.0585068703228852627 337.90548032272010914 99.162192922188779676 2000
1.6194011210324141814 384.56795657687092671 104.22046135117548715 2000
10.094410428122625234 396.2207502291066703 180.14762850411580075 2000
13.049962846698027974 664.73516311310845595 327.27360195757785277 2000
16.830877308093040057 779.45425679630238847 372.46788725111838403 2000
0 970.1990753847248925 395.38216776884348747 2000
# Layered model 38750: value=0.13635
7
0.72912387968466496613 195.48780822013344505 94.34942407330342462 2000
0.28087612031533504275 199.41711316535813125 100.1538148514106723 2000
3.2823063507747436418 279.69785357410455617 101.15535299992477292 2000
9.341906931331845243 380.76035304640686263 183.76859583704853662 2000
10.072669538437441616 584.07792624874639387 305.25399737486930007 2000
10.536403067203309547 904.92219427150200772 379.95449178486586561 2000
0 1430.1922947536045285 387.59157706974167468 2000
# Layered model 48816: value=0.137101
7
0.74377926966632679218 180.52971109113306625 96.245847497176825414 2000
2.214435780924988606 238.5322765214651497 101.15535299992477292 2000
1.2915932175024900097 358.69347636107715971 104.22046135117548715 2000
9.3844050140127848181 464.5999903942971514 180.14762850411580075 2000
13.616237196354767036 632.47269904779807348 296.27652246757912735 2000
9.4629868940996537674 1019.6889788270731287 361.51366178536022744 2000
0 1029.8858686153439521 387.59157706974167468 2000
# Layered model 59593: value=0.138904
7
0.76631652531648608573 189.73854069843031311 100.1538148514106723 2000
1.3219294829568597471 285.31978043094409259 101.15535299992477292 2000
2.3341215172362237418 348.14435428197884903 102.16690652992402022 2000
10.341531752982987769 433.34079925752257623 183.76859583704853662 2000
13.593028763700749195 827.40640006100136361 320.82501907418668452 2000
9.8472221085775437643 904.92219427150200772 327.27360195757785277 2000
0 1082.4203983706943291 387.59157706974167468 2000
# Layered model 59008: value=0.14014
7
0.87213968814767961479 191.63592610541462591 99.162192922188779676 2000
2.0860753624436361164 276.92856789515303717 101.15535299992477292 2000
1.4641524749182539544 442.0509493225987967 102.16690652992402022 2000
10.341531752982987769 498.1140742903033356 185.60628179541902227 2000
8.0179491410076035862 534.04570842869179614 296.27652246757912735 2000
15.422301731270689373 638.79742603827605762 340.56222256419937366 2000
0 1126.3710070503418592 399.33598944653192575 2000
# Layered model 51540: value=0.141583
7
0.70067371707001668835 231.51707755448666148 95.29291831403645574 2000
0.51951632287795035392 248.21764346266547818 99.162192922188779676 2000
3.1583916684773489791 341.28453512594728636 101.15535299992477292 2000
9.9511134762756157102 469.24599029824008767 183.76859583704853662 2000
14.597207111140457769 626.21059311663179869 305.25399737486930007 2000
2.6961977041586067116 844.03726870222760681 324.03326926492854909 2000
0 1082.4203983706943291 383.75403670271452938 2000
# Layered model 56781: value=0.141779
7
0.69373635353467000275 236.17057081333183532 94.34942407330342462 2000
1.4793008165410670429 285.31978043094409259 98.180389031870078043 2000
2.2055445383495793088 473.93845020122256528 101.15535299992477292 2000
10.239140349488106807 513.20742885537379152 180.14762850411580075 2000
12.905232925332548177 601.77607149200957792 311.38960272210420044 2000
9.5576167630406523301 1473.5285514769334441 324.03326926492854909 2000
0 1780.1830317733758875 387.59157706974167468 2000
# Layered model 53349: value=0.142327
7
0.70768045424071690519 243.32677527954658103 96.245847497176825414 2000
2.250534596350598715 312.05004186285907508 100.1538148514106723 2000
1.3770143636911753582 429.0502962945768104 102.16690652992402022 2000
9.8525876002728871583 473.93845020122256528 180.14762850411580075 2000
15.913633511375380181 698.64333708673984802 305.25399737486930007 2000
6.2484874667039065343 1307.6817714142887326 324.03326926492854909 2000
0 1430.1922947536045285 387.59157706974167468 2000
# Layered model 46675: value=0.145634
7
0.69373635353467000275 197.44268630233477779 96.245847497176825414 2000
1.9315293012803107509 282.49483210984561765 100.1538148514106723 2000
1.6245426132788249873 400.18295773139772109 102.16690652992402022 2000
8.9834248182630815904 478.67783470323479378 178.36398861793642823 2000
11.436244241301343649 601.77607149200957792 276.34246169135525406 2000
10.964223282708065454 620.0104882342889141 357.93431859936657702 2000
0 1360.7788951376121531 391.46749284043909256 2000
# Layered model 50150: value=0.146799
7
0.82159503769561137432 213.80213683970470129 94.34942407330342462 2000
1.7519425123631875429 238.5322765214651497 100.1538148514106723 2000
1.7616918642236920611 380.76035304640686263 104.22046135117548715 2000
9.8525876002728871583 459.99999048940310331 180.14762850411580075 2000
7.924020612992457302 741.62398040070127081 314.50349874932521743 2000
15.714053610839144426 1137.6347171208453801 320.82501907418668452 2000
0 1852.4656013973324207 379.95449178486586561 2000
# Layered model 46866: value=0.146825
7
0.75872923298661987257 236.17057081333183532 92.490367682877590028 2000
1.4143079370891169511 271.47198107553475666 100.1538148514106723 2000
2.2055445383495793088 355.14205580304667365 102.16690652992402022 2000
10.239140349488106807 578.29497648390736231 181.94910478915696217 2000
7.4941155696344132764 613.8717705289989226 293.34309155205852448 2000
20.511323406916183387 684.87730329059877477 333.85180135692519343 2000
0 811.10322523380193616 399.33598944653192575 2000
# Layered model 59562: value=0.146892
7
0.94440230955509751887 207.51424762249547484 97.20830597214859381 2000
1.6808633452598831237 334.55988150764369493 100.1538148514106723 2000
1.9311040290850547407 412.3089015336167904 103.18857559522325573 2000
10.20752959459252196 459.99999048940310331 185.60628179541902227 2000
1.6413798117728592985 555.73010571418740255 250.1692255969292944 2000
19.94465890236924821 671.38251474423952914 327.27360195757785277 2000
0 1219.6983980095162678 387.59157706974167468 2000
# Layered model 58801: value=0.147087
7
0.67333366999999999525 171.76782569677263268 98.180389031870078043 2000
0.68799373448623535321 250.69981989729214433 101.15535299992477292 2000
3.0610401210233342262 442.0509493225987967 102.16690652992402022 2000
10.489170745767912862 578.29497648390736231 180.14762850411580075 2000
15.490926759912582611 827.40640006100136361 308.30653734861800785 2000
8.569588537611277701 852.47764138925003863 327.27360195757785277 2000
0 1927.6831332011258837 383.75403670271452938 2000
# Layered model 58953: value=0.147443
7
0.68006700669999997633 180.52971109113306625 99.162192922188779676 2000
1.7685656679484829112 213.80213683970470129 101.15535299992477292 2000
1.8865967396340082018 424.8022735589869967 103.18857559522325573 2000
10.282492643630931184 498.1140742903033356 183.76859583704853662 2000
14.022775264701817122 566.90028083904257983 311.38960272210420044 2000
6.9932032877510579283 960.5931439452720042 357.93431859936657702 2000
0 1104.1770483779453116 395.38216776884348747 2000
# Layered model 59552: value=0.148192
7
0.68006700669999997633 231.51707755448666148 97.20830597214859381 2000
1.7203179307066100989 327.96773013199066327 98.180389031870078043 2000
2.0662062633580555726 450.93617340398304805 103.18857559522325573 2000
10.444947070512817788 459.99999048940310331 183.76859583704853662 2000
13.445389770915824101 601.77607149200957792 311.38960272210420044 2000
14.266232992270712288 811.10322523380193616 372.46788725111838403 2000
0 869.61244198117378801 399.33598944653192575 2000
# Layered model 56682: value=0.148325
7
0.76631652531648608573 168.38332094576281861 101.15535299992477292 2000
2.0204558679503450414 260.87923789139995279 102.16690652992402022 2000
1.5918093151584851164 365.90321523593479469 104.22046135117548715 2000
10.094410428122625234 420.5963104544425164 183.76859583704853662 2000
12.77745834191341423 572.56928364743305337 324.03326926492854909 2000
10.953699672309493707 819.2142574861400135 357.93431859936657702 2000
0 1115.2188188617246851 391.46749284043909256 2000
# Layered model 59681: value=0.149203
7
0.72912387968466496613 248.21764346266547818 96.245847497176825414 2000
1.3179754324154679956 268.78413967874729451 99.162192922188779676 2000
2.3314823963251831707 324.72052488315904384 101.15535299992477292 2000
10.532956562852167082 455.44553513802287625 183.76859583704853662 2000
10.004633829657333166 589.91870551123383848 320.82501907418668452 2000
6.7069278990651817196 1019.6889788270731287 327.27360195757785277 2000
0 1172.1061866843242569 387.59157706974167468 2000
# Layered model 53147: value=0.14922
7
0.77397969056965099099 178.74228820904264126 98.180389031870078043 2000
2.1549461020950180234 255.73888627722772071 100.1538148514106723 2000
1.3633805581100744142 420.5963104544425164 102.16690652992402022 2000
10.471592927717814803 450.93617340398304805 183.76859583704853662 2000
13.312267099916658353 607.79383220692966461 317.6485337368184787 2000
9.0044053678774069738 698.64333708673984802 347.40752323773978105 2000
0 1126.3710070503418592 395.38216776884348747 2000
# Layered model 54936: value=0.149714
7
0.72190483137095540211 189.73854069843031311 99.162192922188779676 2000
1.6311830398246232043 193.55228536646876591 100.1538148514106723 2000
1.9821415430869122609 429.0502962945768104 103.18857559522325573 2000
9.8525876002728871583 446.47145881582486027 183.76859583704853662 2000
14.739085281286012474 645.1854002986588057 317.6485337368184787 2000
10.045151272959952138 658.15362684466185783 361.51366178536022744 2000
0 869.61244198117378801 391.46749284043909256 2000
# Layered model 56868: value=0.149776
7
0.73641511848151164354 185.99994186690551601 100.1538148514106723 2000
1.9151031928816188987 260.87923789139995279 101.15535299992477292 2000
1.6837111029193603251 318.32224770430252647 102.16690652992402022 2000
10.428669864210066365 412.3089015336167904 185.60628179541902227 2000
9.4194918867444084043 705.62977045760726469 330.54633797715365517 2000
14.402800487041591992 1029.8858686153439521 333.85180135692519343 2000
0 1219.6983980095162678 383.75403670271452938 2000
# Layered model 59028: value=0.150301
7
0.73641511848151164354 195.48780822013344505 99.162192922188779676 2000
1.3518308897918340783 318.32224770430252647 101.15535299992477292 2000
2.2903357001519704106 365.90321523593479469 102.16690652992402022 2000
10.239140349488106807 678.09633989168196422 180.14762850411580075 2000
10.547611764030740744 764.0959286308228684 305.25399737486930007 2000
14.590058023590085412 878.30856640098556909 317.6485337368184787 2000
0 1564.1802498786680644 379.95449178486586561 2000
# Layered model 53077: value=0.150392
7
0.68686767676700000163 238.5322765214651497 96.245847497176825414 2000
1.5744035162928637916 362.28041112468793017 100.1538148514106723 2000
2.1610963324497056703 408.22663518179882658 102.16690652992402022 2000
8.5501185899270417679 433.34079925752257623 178.36398861793642823 2000
6.4563586090744795598 835.68046406161136019 262.93037032810690334 2000
16.20485588585520631 970.1990753847248925 320.82501907418668452 2000
0 999.59707756795728528 379.95449178486586561 2000
# Layered model 59831: value=0.150782
7
0.88086108502915638763 168.38332094576281861 100.1538148514106723 2000
1.0863611171033658032 220.28055538808459346 101.15535299992477292 2000
2.499368998632143235 279.69785357410455617 105.26266596468724401 2000
9.580752378003033698 408.22663518179882658 191.23033774010201569 2000
8.7345048407324608064 518.33950314392757264 305.25399737486930007 2000
15.422301731270689373 861.00241780314240714 372.46788725111838403 2000
0 1503.1464753616198777 395.38216776884348747 2000
# Layered model 54006: value=0.150792
7
0.72912387968466496613 168.38332094576281861 100.1538148514106723 2000
1.8444136703741338401 258.29627513999997745 101.15535299992477292 2000
1.8488299754507706574 404.18478730871169091 102.16690652992402022 2000
10.195354532403852588 455.44553513802287625 183.76859583704853662 2000
12.632728420547934434 727.01105813224319263 317.6485337368184787 2000
10.953699672309493707 811.10322523380193616 340.56222256419937366 2000
0 1149.0110642920537884 387.59157706974167468 2000
# Layered model 55851: value=0.152296
7
0.68006700669999997633 263.4880302703139705 94.34942407330342462 2000
0.36053700330000004737 268.78413967874729451 97.20830597214859381 2000
3.2946254042824909547 327.96773013199066327 101.15535299992477292 2000
9.8525876002728871583 408.22663518179882658 181.94910478915696217 2000
13.610367518523052155 658.15362684466185783 320.82501907418668452 2000
4.4605397769215677783 913.97141621421690161 327.27360195757785277 2000
0 951.08232073789292826 383.75403670271452938 2000
# Layered model 57845: value=0.152656
7
0.70067371707001668835 165.06550430914893468 99.162192922188779676 2000
1.3261572850093230613 205.45965111138164616 101.15535299992477292 2000
2.2654753486954035679 373.25786986217713093 102.16690652992402022 2000
10.180685785773199825 469.24599029824008767 183.76859583704853662 2000
16.233497544954026637 607.79383220692966461 311.38960272210420044 2000
5.6434483111326976257 803.07250023148708351 350.88159847011718284 2000
0 1061.0924403202573103 391.46749284043909256 2000
# Layered model 52667: value=0.153377
7
0.68006700669999997633 207.51424762249547484 97.20830597214859381 2000
1.581204186359864039 240.9175992866797742 99.162192922188779676 2000
2.1173105153654523392 380.76035304640686263 102.16690652992402022 2000
10.385317570067240212 446.47145881582486027 183.76859583704853662 2000
11.423248009611162601 561.28740677132930159 314.50349874932521743 2000
5.4359527118962773784 678.09633989168196422 350.88159847011718284 2000
0 787.24879936426543736 391.46749284043909256 2000
# Layered model 55735: value=0.155345
7
0.67333366999999999525 215.94015820810176365 96.245847497176825414 2000
1.7032850799075345272 266.12291057301712272 99.162192922188779676 2000
1.958610664374956567 365.90321523593479469 101.15535299992477292 2000
10.282492643630931184 412.3089015336167904 183.76859583704853662 2000
11.569425230190297782 734.28116871356564843 314.50349874932521743 2000
8.056138599643620779 803.07250023148708351 365.12879840321380698 2000
0 1061.0924403202573103 383.75403670271452938 2000
# Layered model 55879: value=0.15547
7
0.69373635353467000275 180.52971109113306625 99.162192922188779676 2000
2.0930360397321612353 209.58939009872042902 101.15535299992477292 2000
1.5484570210156598513 469.24599029824008767 103.18857559522325573 2000
9.163991657110171829 473.93845020122256528 180.14762850411580075 2000
12.687926216711057137 727.01105813224319263 287.56307376929566999 2000
8.7444286459873445949 795.12128735790793144 357.93431859936657702 2000
0 1104.1770483779453116 376.19256612362960368 2000
# Layered model 54806: value=0.155496
7
0.67333366999999999525 184.1583582840648603 96.245847497176825414 2000
0.38818648060099991692 193.55228536646876591 100.1538148514106723 2000
3.1045501053482258413 288.17297823525353806 101.15535299992477292 2000
9.6044851589784290269 376.99044856079888177 181.94910478915696217 2000
10.173396233821817347 664.73516311310845595 311.38960272210420044 2000
10.987624285341592412 698.64333708673984802 379.95449178486586561 2000
0 1416.0319750035687321 383.75403670271452938 2000
# Layered model 54237: value=0.15563
7
0.74377926966632679218 189.73854069843031311 95.29291831403645574 2000
0.44052516170660882544 193.55228536646876591 101.15535299992477292 2000
3.108001919401807811 266.12291057301712272 102.16690652992402022 2000
9.4782490641529122399 464.5999903942971514 185.60628179541902227 2000
10.654669661961682081 534.04570842869179614 293.34309155205852448 2000
9.1433327975811486965 1137.6347171208453801 372.46788725111838403 2000
0 1579.8220523774548383 383.75403670271452938 2000
# Layered model 49833: value=0.155695
7
0.69373635353467000275 178.74228820904264126 94.34942407330342462 2000
0.42193199313064655431 197.44268630233477779 100.1538148514106723 2000
3.3066991788442532396 358.69347636107715971 103.18857559522325573 2000
9.2118457565970199852 373.25786986217713093 183.76859583704853662 2000
11.035264045551642198 613.8717705289989226 305.25399737486930007 2000
12.043960044902778606 1137.6347171208453801 372.46788725111838403 2000
0 1458.9391598781519406 387.59157706974167468 2000
# Layered model 58207: value=0.155978
7
0.88966969587944799702 229.22482926186793861 97.20830597214859381 2000
2.0392560967852211284 321.5054701813455722 99.162192922188779676 2000
1.4934417328449005602 331.24740743331057047 106.31529262433411986 2000
9.4858934435673614161 420.5963104544425164 181.94910478915696217 2000
15.895155393230751883 584.07792624874639387 305.25399737486930007 2000
6.9100210102533274892 1430.1922947536045285 383.75403670271452938 2000
0 1834.1243578191408687 391.46749284043909256 2000
# Layered model 41001: value=0.156222
7
0.86350464173037588811 224.70819455138510534 96.245847497176825414 2000
1.895675945662526285 308.96043748797927719 99.162192922188779676 2000
1.5760488268895889163 341.28453512594728636 105.26266596468724401 2000
9.5730315547944400123 400.18295773139772109 180.14762850411580075 2000
14.167905409332284705 691.72607632350479889 314.50349874932521743 2000
10.895887190392127053 734.28116871356564843 361.51366178536022744 2000
0 1040.1847273014973325 395.38216776884348747 2000
# Layered model 46017: value=0.156716
7
0.71475725878312412753 215.94015820810176365 97.20830597214859381 2000
0.48139021690354089067 268.78413967874729451 98.180389031870078043 2000
3.1390819385958259602 365.90321523593479469 100.1538148514106723 2000
10.428669864210066365 488.29925918076975222 183.76859583704853662 2000
11.685119482492199339 561.28740677132930159 308.30653734861800785 2000
4.8609812390152420392 651.63725430164538466 337.19031937049442149 2000
0 1071.7033647234597993 383.75403670271452938 2000
# Layered model 53495: value=0.15677
7
0.82159503769561137432 236.17057081333183532 94.34942407330342462 2000
1.395120179498647861 250.69981989729214433 100.1538148514106723 2000
1.991015741314459131 416.4319905489529674 101.15535299992477292 2000
8.8944800180822589653 437.67420725009782245 174.84951339862408304 2000
11.813961124343837383 578.29497648390736231 287.56307376929566999 2000
10.015403833156248936 584.07792624874639387 350.88159847011718284 2000
0 1160.501174934974415 395.38216776884348747 2000
# Layered model 59338: value=0.157436
7
0.92579385310763406824 291.05470801760606037 96.245847497176825414 2000
0.98357263506671721576 318.32224770430252647 98.180389031870078043 2000
2.2567037677748746916 373.25786986217713093 99.162192922188779676 2000
9.7421907131277052372 424.8022735589869967 178.36398861793642823 2000
8.6480245947846157151 620.0104882342889141 293.34309155205852448 2000
19.644863975211737994 795.12128735790793144 347.40752323773978105 2000
0 1627.6922403865441993 387.59157706974167468 2000
# Layered model 51757: value=0.157578
7
0.70067371707001668835 236.17057081333183532 97.20830597214859381 2000
0.71592903896125192897 291.05470801760606037 99.162192922188779676 2000
3.0057647694783007353 331.24740743331057047 101.15535299992477292 2000
10.489170745767912862 483.46461305026713262 185.60628179541902227 2000
10.004633829657333166 513.20742885537379152 308.30653734861800785 2000
6.393827899065183118 803.07250023148708351 330.54633797715365517 2000
0 1050.5865745745122695 387.59157706974167468 2000
# Layered model 57590: value=0.15768
7
0.76631652531648608573 168.38332094576281861 100.1538148514106723 2000
1.3852054252535506151 288.17297823525353806 101.15535299992477292 2000
2.1407844002047067278 384.56795657687092671 102.16690652992402022 2000
10.471592927717814803 442.0509493225987967 181.94910478915696217 2000
9.6613257983967795184 698.64333708673984802 324.03326926492854909 2000
11.564812539580625383 795.12128735790793144 330.54633797715365517 2000
0 951.08232073789292826 379.95449178486586561 2000
# Layered model 51748: value=0.157726
7
0.71475725878312412753 171.76782569677263268 99.162192922188779676 2000
1.8587802912756747897 255.73888627722772071 102.16690652992402022 2000
1.8050441583665173262 369.56224738829411081 103.18857559522325573 2000
9.8092353061300627814 396.2207502291066703 183.76859583704853662 2000
12.261201746429378545 734.28116871356564843 327.27360195757785277 2000
12.523034807816586067 764.0959286308228684 357.93431859936657702 2000
0 1050.5865745745122695 391.46749284043909256 2000
# Layered model 58909: value=0.157955
7
0.70768045424071690519 220.28055538808459346 96.245847497176825414 2000
0.35383969636028300698 373.25786986217713093 99.162192922188779676 2000
3.4050710501636656247 408.22663518179882658 101.15535299992477292 2000
10.444947070512817788 523.52289817536689043 181.94910478915696217 2000
12.069105766803069457 555.73010571418740255 308.30653734861800785 2000
5.9264806305504471595 749.04022020470824827 337.19031937049442149 2000
0 1061.0924403202573103 387.59157706974167468 2000
# Layered model 46501: value=0.159475
7
0.80540636966533807328 255.73888627722772071 94.34942407330342462 2000
2.1823908314318907209 305.90142325542501567 100.1538148514106723 2000
1.3045091496775147455 473.93845020122256528 101.15535299992477292 2000
9.4782490641529122399 478.67783470323479378 178.36398861793642823 2000
10.654669661961682081 638.79742603827605762 296.27652246757912735 2000
17.358091298430746718 795.12128735790793144 347.40752323773978105 2000
0 1834.1243578191408687 387.59157706974167468 2000
# Layered model 58338: value=0.159881
7
0.68006700669999997633 166.7161593522404246 99.162192922188779676 2000
0.52804194374353163877 180.52971109113306625 101.15535299992477292 2000
3.2584822503211339217 446.47145881582486027 103.18857559522325573 2000
9.8631039839362664168 601.77607149200957792 180.14762850411580075 2000
13.746471193708282854 727.01105813224319263 305.25399737486930007 2000
13.293453795175022236 1029.8858686153439521 320.82501907418668452 2000
0 1473.5285514769334441 383.75403670271452938 2000
# Layered model 49030: value=0.159973
7
0.72190483137095540211 195.48780822013344505 98.180389031870078043 2000
1.4296171191990811877 255.73888627722772071 100.1538148514106723 2000
2.4964307639763889668 351.62579782479866708 105.26266596468724401 2000
10.115946563946131675 396.2207502291066703 187.46234461337320454 2000
12.486551199968799253 550.22782743978950748 333.85180135692519343 2000
5.9857454368559537272 1040.1847273014973325 368.78008638724594448 2000
0 1579.8220523774548383 395.38216776884348747 2000
# Layered model 48298: value=0.161124
7
0.75121706236299001791 211.68528399970762166 98.180389031870078043 2000
1.7968399178932465965 240.9175992866797742 99.162192922188779676 2000
1.7017512878375691265 355.14205580304667365 100.1538148514106723 2000
10.079886916607126324 446.47145881582486027 180.14762850411580075 2000
16.07276984648913043 705.62977045760726469 320.82501907418668452 2000
13.512220405779249432 1294.7344271428601132 340.56222256419937366 2000
0 1458.9391598781519406 387.59157706974167468 2000
# Layered model 56252: value=0.161337
7
0.71475725878312412753 182.33500820204440629 98.180389031870078043 2000
1.5919654852572431292 260.87923789139995279 100.1538148514106723 2000
1.9855836067343761719 408.22663518179882658 101.15535299992477292 2000
10.037388833926190301 437.67420725009782245 181.94910478915696217 2000
15.473721177606750032 645.1854002986588057 311.38960272210420044 2000
10.349529401681909491 671.38251474423952914 354.39041445481836945 2000
0 756.53062240675535577 395.38216776884348747 2000
# Layered model 47407: value=0.161907
7
0.70768045424071690519 191.63592610541462591 97.20830597214859381 2000
0.58757586072668943622 222.48336094196545787 100.1538148514106723 2000
3.039973099315084859 305.90142325542501567 101.15535299992477292 2000
8.8980036720743971301 344.69738047720676377 183.76859583704853662 2000
9.5486153331432728208 664.73516311310845595 311.38960272210420044 2000
12.499043273931814468 979.90106613857187767 383.75403670271452938 2000
0 1444.494217701140542 391.46749284043909256 2000
# Layered model 49025: value=0.161976
7
0.68006700669999997633 193.55228536646876591 97.20830597214859381 2000
1.7685656679484829112 318.32224770430252647 100.1538148514106723 2000
1.9299490337768334669 392.29777250406596067 103.18857559522325573 2000
9.8092353061300627814 412.3089015336167904 180.14762850411580075 2000
13.062633463905978459 555.73010571418740255 324.03326926492854909 2000
11.721603090339986153 844.03726870222760681 350.88159847011718284 2000
0 869.61244198117378801 399.33598944653192575 2000
# Layered model 52724: value=0.162479
7
0.72190483137095540211 229.22482926186793861 97.20830597214859381 2000
2.1208816870005389177 293.96525509778211926 98.180389031870078043 2000
1.5795810071380751438 412.3089015336167904 103.18857559522325573 2000
9.0768535458830932328 446.47145881582486027 180.14762850411580075 2000
14.576945307016552889 601.77607149200957792 293.34309155205852448 2000
5.1600295369080946273 734.28116871356564843 372.46788725111838403 2000
0 904.92219427150200772 391.46749284043909256 2000
# Layered model 55895: value=0.162555
7
0.70067371707001668835 248.21764346266547818 97.20830597214859381 2000
1.1525385851352138999 318.32224770430252647 99.162192922188779676 2000
2.5691552233043388753 396.2207502291066703 100.1538148514106723 2000
10.489170745767912862 446.47145881582486027 183.76859583704853662 2000
11.801970677317122238 607.79383220692966461 320.82501907418668452 2000
4.9095910514053926477 712.68606816218334643 337.19031937049442149 2000
0 787.24879936426543736 387.59157706974167468 2000
# Layered model 56772: value=0.162583
7
0.68006700669999997633 173.4855039537403627 100.1538148514106723 2000
2.2781480438913157549 274.18670088629011161 101.15535299992477292 2000
1.5083761501733499166 473.93845020122256528 102.16690652992402022 2000
10.444947070512817788 523.52289817536689043 185.60628179541902227 2000
14.891878091030200437 534.04570842869179614 308.30653734861800785 2000
7.2771553839789397955 835.68046406161136019 357.93431859936657702 2000
0 970.1990753847248925 395.38216776884348747 2000
# Layered model 53443: value=0.163024
7
0.85495509082215437324 201.41128429701171854 98.180389031870078043 2000
1.5694336959585217794 258.29627513999997745 100.1538148514106723 2000
1.9541929216446400908 351.62579782479866708 101.15535299992477292 2000
10.385317570067240212 450.93617340398304805 183.76859583704853662 2000
11.949609670102047332 651.63725430164538466 324.03326926492854909 2000
9.27652866787535757 698.64333708673984802 330.54633797715365517 2000
0 1269.2230439592785842 399.33598944653192575 2000
# Layered model 59186: value=0.163306
7
0.76631652531648608573 263.4880302703139705 95.29291831403645574 2000
1.342811943039593281 271.47198107553475666 97.20830597214859381 2000
2.3574627324085861702 384.56795657687092671 104.22046135117548715 2000
9.0326298706279963824 404.18478730871169091 178.36398861793642823 2000
15.141276251222576477 691.72607632350479889 305.25399737486930007 2000
10.331556246186103465 869.61244198117378801 361.51366178536022744 2000
0 1430.1922947536045285 387.59157706974167468 2000
# Layered model 53377: value=0.163723
7
0.84649018893282612641 184.1583582840648603 98.180389031870078043 2000
1.8583236404887033544 373.25786986217713093 100.1538148514106723 2000
1.6737678790037868737 498.1140742903033356 101.15535299992477292 2000
9.2556315736812742045 513.20742885537379152 180.14762850411580075 2000
12.814805478878167122 607.79383220692966461 281.89694517135148999 2000
14.105456460644731465 827.40640006100136361 357.93431859936657702 2000
0 1780.1830317733758875 383.75403670271452938 2000
# Layered model 54608: value=0.163985
7
0.73641511848151164354 197.44268630233477779 96.245847497176825414 2000
0.43616352644218692181 226.95527649689896066 100.1538148514106723 2000
2.9934916110255271882 258.29627513999997745 101.15535299992477292 2000
9.4681430261573638063 355.14205580304667365 183.76859583704853662 2000
6.1851512213671746565 705.62977045760726469 311.38960272210420044 2000
12.439359806526233854 811.10322523380193616 361.51366178536022744 2000
0 1360.7788951376121531 379.95449178486586561 2000
# Layered model 53106: value=0.164786
7
0.70067371707001668835 222.48336094196545787 96.245847497176825414 2000
1.5605974759898471049 285.31978043094409259 100.1538148514106723 2000
2.2053200077048016325 321.5054701813455722 102.16690652992402022 2000
9.580752378003033698 442.0509493225987967 183.76859583704853662 2000
12.933300459312851771 613.8717705289989226 308.30653734861800785 2000
9.0093935783894103508 811.10322523380193616 347.40752323773978105 2000
0 1503.1464753616198777 387.59157706974167468 2000
# Layered model 39269: value=0.165235
7
0.68006700669999997633 180.52971109113306625 98.180389031870078043 2000
2.1627195116714945655 213.80213683970470129 101.15535299992477292 2000
1.4070217497223111991 380.76035304640686263 105.26266596468724401 2000
9.3844050140127848181 528.75812715712061163 180.14762850411580075 2000
12.293655319976302565 550.22782743978950748 290.43870450698864261 2000
10.062169014387070121 811.10322523380193616 361.51366178536022744 2000
0 1160.501174934974415 379.95449178486586561 2000
# Layered model 59509: value=0.165674
7
0.72912387968466496613 207.51424762249547484 98.180389031870078043 2000
1.4223980708853716237 291.05470801760606037 100.1538148514106723 2000
2.1837074637124542775 321.5054701813455722 102.16690652992402022 2000
9.8525876002728871583 404.18478730871169091 180.14762850411580075 2000
15.615599347752304737 626.21059311663179869 337.19031937049442149 2000
9.9519754832265654443 852.47764138925003863 340.56222256419937366 2000
0 960.5931439452720042 399.33598944653192575 2000
# Layered model 47611: value=0.165914
7
0.67333366999999999525 184.1583582840648603 97.20830597214859381 2000
2.1413064471994993632 195.48780822013344505 101.15535299992477292 2000
1.520589297082991731 384.56795657687092671 103.18857559522325573 2000
9.9944657704184418634 473.93845020122256528 185.60628179541902227 2000
15.771755341229825476 626.21059311663179869 317.6485337368184787 2000
6.611986846630252046 712.68606816218334643 376.19256612362960368 2000
0 1061.0924403202573103 383.75403670271452938 2000
# Layered model 54281: value=0.166169
7
0.75121706236299001791 199.41711316535813125 97.20830597214859381 2000
1.8223204876958090104 266.12291057301712272 100.1538148514106723 2000
1.7187688007159445114 282.49483210984561765 102.16690652992402022 2000
9.7550372279929575825 626.21059311663179869 183.76859583704853662 2000
14.309584463425606415 923.11113037635902856 293.34309155205852448 2000
10.229263610085251202 1160.501174934974415 330.54633797715365517 2000
0 1780.1830317733758875 372.46788725111838403 2000
# Layered model 58176: value=0.166628
7
0.73641511848151164354 211.68528399970762166 94.34942407330342462 2000
0.31459493161848828269 263.4880302703139705 100.1538148514106723 2000
3.4155811506646656106 355.14205580304667365 101.15535299992477292 2000
10.151130857148757514 518.33950314392757264 183.76859583704853662 2000
14.598449260886383172 572.56928364743305337 305.25399737486930007 2000
2.7231596812001939156 811.10322523380193616 317.6485337368184787 2000
0 1611.5764756302417027 383.75403670271452938 2000
# Layered model 42629: value=0.166715
7
0.75121706236299001791 199.41711316535813125 97.20830597214859381 2000
2.0355553309038412202 236.17057081333183532 99.162192922188779676 2000
1.5055339575079123016 253.20681809626509562 104.22046135117548715 2000
9.2069147206179202669 498.1140742903033356 183.76859583704853662 2000
10.68417009384430294 613.8717705289989226 281.89694517135148999 2000
14.020758985533884555 844.03726870222760681 357.93431859936657702 2000
0 1307.6817714142887326 387.59157706974167468 2000
# Layered model 59125: value=0.166849
7
0.69373635353467000275 180.52971109113306625 97.20830597214859381 2000
2.2644786970566457285 238.5322765214651497 101.15535299992477292 2000
1.3770143636911753582 344.69738047720676377 105.26266596468724401 2000
9.435326000645163802 473.93845020122256528 183.76859583704853662 2000
8.5624005888956578048 508.12616718353837086 279.10588630826879353 2000
13.65708161264664966 741.62398040070127081 365.12879840321380698 2000
0 1149.0110642920537884 383.75403670271452938 2000
# Layered model 51451: value=0.167016
7
0.69373635353467000275 209.58939009872042902 97.20830597214859381 2000
0.38912035209341000463 315.1705422814876556 99.162192922188779676 2000
3.2957250027972362361 344.69738047720676377 101.15535299992477292 2000
10.385317570067240212 473.93845020122256528 181.94910478915696217 2000
10.401434543451605563 523.52289817536689043 308.30653734861800785 2000
7.4159777311558379154 904.92219427150200772 340.56222256419937366 2000
0 999.59707756795728528 391.46749284043909256 2000
# Layered model 52827: value=0.168548
7
0.72190483137095540211 180.52971109113306625 99.162192922188779676 2000
1.8009238619520511193 324.72052488315904384 100.1538148514106723 2000
1.8995388321865629422 408.22663518179882658 102.16690652992402022 2000
10.050624611038372791 455.44553513802287625 181.94910478915696217 2000
12.77745834191341423 601.77607149200957792 311.38960272210420044 2000
11.721603090339986153 844.03726870222760681 350.88159847011718284 2000
0 1093.244602354401195 403.32934934099722568 2000
# Layered model 56920: value=0.169024
7
0.70067371707001668835 182.33500820204440629 96.245847497176825414 2000
1.6291162544107540278 355.14205580304667365 99.162192922188779676 2000
2.0054394428017201513 388.41363614263957516 103.18857559522325573 2000
9.9944657704184418634 433.34079925752257623 180.14762850411580075 2000
8.0032608191223797434 595.81789256634613139 311.38960272210420044 2000
15.118421459926175032 691.72607632350479889 333.85180135692519343 2000
0 803.07250023148708351 403.32934934099722568 2000
# Layered model 58240: value=0.169136
7
0.81346043336199147511 189.73854069843031311 98.180389031870078043 2000
1.9457201540309105869 205.45965111138164616 101.15535299992477292 2000
1.5760488268895889163 324.72052488315904384 103.18857559522325573 2000
10.576308856994991459 455.44553513802287625 187.46234461337320454 2000
7.4214177325458301482 678.09633989168196422 317.6485337368184787 2000
17.422435841710935733 1149.0110642920537884 337.19031937049442149 2000
0 1269.2230439592785842 391.46749284043909256 2000
# Layered model 55793: value=0.169616
7
0.88086108502915638763 220.28055538808459346 97.20830597214859381 2000
2.0773539655621591216 248.21764346266547818 99.162192922188779676 2000
1.4641524749182539544 341.28453512594728636 105.26266596468724401 2000
9.4858934435673614161 392.29777250406596067 181.94910478915696217 2000
13.889923564001499301 727.01105813224319263 320.82501907418668452 2000
11.957207312455818027 803.07250023148708351 357.93431859936657702 2000
0 999.59707756795728528 399.33598944653192575 2000
# Layered model 50491: value=0.170289
7
0.70768045424071690519 218.09955979018278072 96.245847497176825414 2000
1.9703530402360449614 243.32677527954658103 97.20830597214859381 2000
1.6142728562979815621 429.0502962945768104 105.26266596468724401 2000
8.8099046258162339029 473.93845020122256528 176.59800853261032216 2000
9.9074559271041842123 645.1854002986588057 284.71591462306503217 2000
12.62403370667113478 734.28116871356564843 324.03326926492854909 2000
0 764.0959286308228684 391.46749284043909256 2000
# Layered model 54021: value=0.17093
7
0.96338479597715509506 245.76004303234205395 96.245847497176825414 2000
1.6101527540816438222 337.90548032272010914 99.162192922188779676 2000
1.8050441583665173262 369.56224738829411081 104.22046135117548715 2000
10.094410428122625234 420.5963104544425164 180.14762850411580075 2000
15.035340895439860631 584.07792624874639387 324.03326926492854909 2000
8.6958171187830473059 645.1854002986588057 365.12879840321380698 2000
0 1195.665521036679138 399.33598944653192575 2000
# Layered model 56595: value=0.170972
7
0.84649018893282612641 166.7161593522404246 98.180389031870078043 2000
1.2006091231673070574 302.87269629249999525 101.15535299992477292 2000
2.5092703717999023105 392.29777250406596067 104.22046135117548715 2000
9.9166224526479069823 469.24599029824008767 183.76859583704853662 2000
15.628458389382815952 620.0104882342889141 308.30653734861800785 2000
8.8706030428705844315 638.79742603827605762 383.75403670271452938 2000
0 1503.1464753616198777 395.38216776884348747 2000
# Layered model 46563: value=0.170995
7
0.69373635353467000275 207.51424762249547484 98.180389031870078043 2000
2.0654442338582321703 226.95527649689896066 99.162192922188779676 2000
1.6194011210324141814 341.28453512594728636 104.22046135117548715 2000
9.5296792606516156354 589.91870551123383848 181.94910478915696217 2000
15.307910349722874344 698.64333708673984802 293.34309155205852448 2000
8.9879788319710449684 1183.8272485511674859 330.54633797715365517 2000
0 1815.9647107120208602 376.19256612362960368 2000
# Layered model 57470: value=0.17101
7
0.74377926966632679218 238.5322765214651497 96.245847497176825414 2000
2.0708608475331722332 392.29777250406596067 100.1538148514106723 2000
1.520589297082991731 408.22663518179882658 101.15535299992477292 2000
8.5088162445656383426 503.09521503320638658 180.14762850411580075 2000
6.3924342664103779299 852.47764138925003863 245.23990353585855928 2000
21.723540048587274498 951.08232073789292826 327.27360195757785277 2000
0 1320.7585891284315949 376.19256612362960368 2000
# Layered model 53676: value=0.171065
7
0.77397969056965099099 187.85994128557456406 98.180389031870078043 2000
1.5327430534707162657 274.18670088629011161 101.15535299992477292 2000
2.0718589643849489867 369.56224738829411081 102.16690652992402022 2000
9.6687618703423829913 412.3089015336167904 180.14762850411580075 2000
12.933300459312851771 518.33950314392757264 311.38960272210420044 2000
8.6530565722857453181 749.04022020470824827 395.38216776884348747 2000
0 887.09165206499551459 403.32934934099722568 2000
# Layered model 58148: value=0.171147
7
0.78953668235010099341 185.99994186690551601 97.20830597214859381 2000
1.3835004877256360523 226.95527649689896066 100.1538148514106723 2000
2.1621922442067540437 308.96043748797927719 101.15535299992477292 2000
10.428669864210066365 351.62579782479866708 187.46234461337320454 2000
15.942590403009409883 749.04022020470824827 376.19256612362960368 2000
12.342902963306695341 913.97141621421690161 391.46749284043909256 2000
0 1231.895381989611451 395.38216776884348747 2000
# Layered model 59994: value=0.171172
7
0.69373635353467000275 180.52971109113306625 101.15535299992477292 2000
1.6360536179461009354 291.05470801760606037 102.16690652992402022 2000
2.0925775540287987475 315.1705422814876556 103.18857559522325573 2000
9.9073276591913632672 392.29777250406596067 183.76859583704853662 2000
12.383813763893671833 658.15362684466185783 327.27360195757785277 2000
13.43943681539498769 878.30856640098556909 361.51366178536022744 2000
0 1029.8858686153439521 395.38216776884348747 2000
# Layered model 58278: value=0.171385
7
0.75872923298661987257 175.2203589932777561 100.1538148514106723 2000
1.8405436925727669539 255.73888627722772071 101.15535299992477292 2000
1.8230945999501826371 433.34079925752257623 102.16690652992402022 2000
10.195354532403852588 572.56928364743305337 183.76859583704853662 2000
14.022775264701817122 607.79383220692966461 308.30653734861800785 2000
9.5636528281556110187 756.53062240675535577 333.85180135692519343 2000
0 951.08232073789292826 387.59157706974167468 2000
# Layered model 59298: value=0.171389
7
0.70768045424071690519 182.33500820204440629 98.180389031870078043 2000
0.58757586072668943622 191.63592610541462591 101.15535299992477292 2000
3.0833253934579101241 344.69738047720676377 103.18857559522325573 2000
10.094410428122625234 404.18478730871169091 183.76859583704853662 2000
15.035340895439860631 651.63725430164538466 337.19031937049442149 2000
7.2051043405732073666 913.97141621421690161 350.88159847011718284 2000
0 1009.5930483436369514 387.59157706974167468 2000
