# 60000 /scratch/04709/vantaj94/Reports_2020-02-17/VS2_Tar5_LN4_Sd0.report
# Layered model 43806: value=0.052705
4
4.1183225731678865245 584.07792624874639387 97.20830597214859381 2000
9.7347485877377479824 727.01105813224319263 173.1183300976476005 2000
22.094843800181351412 1360.7788951376121531 293.34309155205852448 2000
0 1986.0938598202526464 372.46788725111838403 2000
# Layered model 43953: value=0.0527222
4
4.1183225731678865245 584.07792624874639387 97.20830597214859381 2000
9.7347485877377479824 727.01105813224319263 173.1183300976476005 2000
22.094843800181351412 1374.3866840889882042 293.34309155205852448 2000
0 1986.0938598202526464 372.46788725111838403 2000
# Layered model 44201: value=0.0527252
4
4.1183225731678865245 584.07792624874639387 97.20830597214859381 2000
9.7347485877377479824 727.01105813224319263 173.1183300976476005 2000
22.094843800181351412 1360.7788951376121531 293.34309155205852448 2000
0 1966.4295641784678992 372.46788725111838403 2000
# Layered model 44227: value=0.0527293
4
4.1183225731678865245 584.07792624874639387 97.20830597214859381 2000
9.7347485877377479824 727.01105813224319263 173.1183300976476005 2000
22.094843800181351412 1347.3058367699129576 293.34309155205852448 2000
0 1986.0938598202526464 372.46788725111838403 2000
# Layered model 44009: value=0.0527384
4
4.1183225731678865245 584.07792624874639387 97.20830597214859381 2000
9.7347485877377479824 727.01105813224319263 173.1183300976476005 2000
22.094843800181351412 1374.3866840889882042 293.34309155205852448 2000
0 1966.4295641784678992 372.46788725111838403 2000
# Layered model 44007: value=0.0527413
4
4.1183225731678865245 578.29497648390736231 97.20830597214859381 2000
9.7347485877377479824 734.28116871356564843 173.1183300976476005 2000
22.094843800181351412 1333.9661750197158199 293.34309155205852448 2000
0 1986.0938598202526464 372.46788725111838403 2000
# Layered model 44466: value=0.0527455
4
4.1183225731678865245 578.29497648390736231 97.20830597214859381 2000
9.7347485877377479824 734.28116871356564843 173.1183300976476005 2000
22.094843800181351412 1347.3058367699129576 293.34309155205852448 2000
0 1986.0938598202526464 372.46788725111838403 2000
# Layered model 44002: value=0.0527463
4
4.1183225731678865245 584.07792624874639387 97.20830597214859381 2000
9.7347485877377479824 727.01105813224319263 173.1183300976476005 2000
22.094843800181351412 1360.7788951376121531 293.34309155205852448 2000
0 1946.9599645331365991 372.46788725111838403 2000
# Layered model 44144: value=0.0527524
4
4.1183225731678865245 578.29497648390736231 97.20830597214859381 2000
9.7347485877377479824 727.01105813224319263 173.1183300976476005 2000
22.094843800181351412 1360.7788951376121531 293.34309155205852448 2000
0 1986.0938598202526464 372.46788725111838403 2000
# Layered model 44208: value=0.0527536
4
4.1183225731678865245 584.07792624874639387 97.20830597214859381 2000
9.7347485877377479824 727.01105813224319263 173.1183300976476005 2000
22.094843800181351412 1347.3058367699129576 293.34309155205852448 2000
0 1966.4295641784678992 372.46788725111838403 2000
# Layered model 41410: value=0.0527543
4
4.1183225731678865245 578.29497648390736231 97.20830597214859381 2000
9.7347485877377479824 741.62398040070127081 173.1183300976476005 2000
22.454322949792221209 1533.3597195163886227 293.34309155205852448 2000
0 1986.0938598202526464 372.46788725111838403 2000
# Layered model 43801: value=0.0527554
4
4.1183225731678865245 584.07792624874639387 97.20830597214859381 2000
9.7347485877377479824 727.01105813224319263 173.1183300976476005 2000
22.094843800181351412 1374.3866840889882042 293.34309155205852448 2000
0 1946.9599645331365991 372.46788725111838403 2000
# Layered model 44076: value=0.0527564
4
4.1183225731678865245 589.91870551123383848 97.20830597214859381 2000
9.7347485877377479824 727.01105813224319263 173.1183300976476005 2000
22.094843800181351412 1360.7788951376121531 293.34309155205852448 2000
0 1986.0938598202526464 372.46788725111838403 2000
# Layered model 44285: value=0.0527588
4
4.1183225731678865245 578.29497648390736231 97.20830597214859381 2000
9.7347485877377479824 727.01105813224319263 173.1183300976476005 2000
22.094843800181351412 1374.3866840889882042 293.34309155205852448 2000
0 1986.0938598202526464 372.46788725111838403 2000
# Layered model 41150: value=0.0527651
4
4.1183225731678865245 578.29497648390736231 97.20830597214859381 2000
9.7347485877377479824 741.62398040070127081 173.1183300976476005 2000
22.454322949792221209 1548.6933167115525976 293.34309155205852448 2000
0 1986.0938598202526464 372.46788725111838403 2000
# Layered model 44141: value=0.0527654
4
4.1183225731678865245 578.29497648390736231 97.20830597214859381 2000
9.7347485877377479824 734.28116871356564843 173.1183300976476005 2000
22.094843800181351412 1347.3058367699129576 293.34309155205852448 2000
0 1966.4295641784678992 372.46788725111838403 2000
# Layered model 44200: value=0.0527655
4
4.1183225731678865245 578.29497648390736231 97.20830597214859381 2000
9.7347485877377479824 734.28116871356564843 173.1183300976476005 2000
22.094843800181351412 1333.9661750197158199 293.34309155205852448 2000
0 1966.4295641784678992 372.46788725111838403 2000
# Layered model 41222: value=0.0527662
4
4.1183225731678865245 578.29497648390736231 97.20830597214859381 2000
9.7347485877377479824 741.62398040070127081 173.1183300976476005 2000
22.454322949792221209 1533.3597195163886227 293.34309155205852448 2000
0 1966.4295641784678992 372.46788725111838403 2000
# Layered model 41600: value=0.0527682
4
4.1183225731678865245 578.29497648390736231 97.20830597214859381 2000
9.7347485877377479824 741.62398040070127081 173.1183300976476005 2000
22.454322949792221209 1518.177940115236197 293.34309155205852448 2000
0 1986.0938598202526464 372.46788725111838403 2000
# Layered model 43950: value=0.0527686
4
4.1183225731678865245 584.07792624874639387 97.20830597214859381 2000
9.7347485877377479824 727.01105813224319263 173.1183300976476005 2000
22.094843800181351412 1360.7788951376121531 293.34309155205852448 2000
0 1927.6831332011258837 372.46788725111838403 2000
# Layered model 44011: value=0.0527698
4
4.1183225731678865245 589.91870551123383848 97.20830597214859381 2000
9.7347485877377479824 727.01105813224319263 173.1183300976476005 2000
22.094843800181351412 1347.3058367699129576 293.34309155205852448 2000
0 1986.0938598202526464 372.46788725111838403 2000
# Layered model 41402: value=0.0527718
4
4.1183225731678865245 572.56928364743305337 97.20830597214859381 2000
9.7347485877377479824 741.62398040070127081 173.1183300976476005 2000
22.454322949792221209 1533.3597195163886227 293.34309155205852448 2000
0 1986.0938598202526464 372.46788725111838403 2000
# Layered model 44075: value=0.0527731
4
4.1183225731678865245 578.29497648390736231 97.20830597214859381 2000
9.7347485877377479824 727.01105813224319263 173.1183300976476005 2000
22.094843800181351412 1360.7788951376121531 293.34309155205852448 2000
0 1966.4295641784678992 372.46788725111838403 2000
# Layered model 43813: value=0.0527735
4
4.1183225731678865245 584.07792624874639387 97.20830597214859381 2000
9.7347485877377479824 727.01105813224319263 173.1183300976476005 2000
22.094843800181351412 1374.3866840889882042 293.34309155205852448 2000
0 1927.6831332011258837 372.46788725111838403 2000
# Layered model 41019: value=0.052774
4
4.1183225731678865245 578.29497648390736231 97.20830597214859381 2000
9.7347485877377479824 741.62398040070127081 173.1183300976476005 2000
22.454322949792221209 1548.6933167115525976 293.34309155205852448 2000
0 1966.4295641784678992 372.46788725111838403 2000
# Layered model 41204: value=0.0527741
4
4.1183225731678865245 572.56928364743305337 97.20830597214859381 2000
9.7347485877377479824 741.62398040070127081 173.1183300976476005 2000
22.454322949792221209 1548.6933167115525976 293.34309155205852448 2000
0 1986.0938598202526464 372.46788725111838403 2000
# Layered model 44216: value=0.0527746
4
4.1183225731678865245 584.07792624874639387 97.20830597214859381 2000
9.7347485877377479824 734.28116871356564843 173.1183300976476005 2000
22.094843800181351412 1333.9661750197158199 293.34309155205852448 2000
0 1986.0938598202526464 372.46788725111838403 2000
# Layered model 44383: value=0.0527754
4
4.1183225731678865245 578.29497648390736231 97.20830597214859381 2000
9.7347485877377479824 727.01105813224319263 173.1183300976476005 2000
22.094843800181351412 1374.3866840889882042 293.34309155205852448 2000
0 1966.4295641784678992 372.46788725111838403 2000
# Layered model 44206: value=0.0527761
4
4.1183225731678865245 589.91870551123383848 97.20830597214859381 2000
9.7347485877377479824 727.01105813224319263 173.1183300976476005 2000
22.094843800181351412 1360.7788951376121531 293.34309155205852448 2000
0 1966.4295641784678992 372.46788725111838403 2000
# Layered model 43818: value=0.0527784
4
4.1183225731678865245 584.07792624874639387 97.20830597214859381 2000
9.7347485877377479824 727.01105813224319263 173.1183300976476005 2000
22.094843800181351412 1388.1305509298781544 293.34309155205852448 2000
0 1986.0938598202526464 372.46788725111838403 2000
# Layered model 41226: value=0.0527788
4
4.1183225731678865245 578.29497648390736231 97.20830597214859381 2000
9.7347485877377479824 741.62398040070127081 173.1183300976476005 2000
22.454322949792221209 1533.3597195163886227 293.34309155205852448 2000
0 1946.9599645331365991 372.46788725111838403 2000
# Layered model 44138: value=0.052779
4
4.1183225731678865245 584.07792624874639387 97.20830597214859381 2000
9.7347485877377479824 727.01105813224319263 173.1183300976476005 2000
22.094843800181351412 1347.3058367699129576 293.34309155205852448 2000
0 1946.9599645331365991 372.46788725111838403 2000
# Layered model 44163: value=0.0527827
4
4.1183225731678865245 578.29497648390736231 97.20830597214859381 2000
9.7347485877377479824 734.28116871356564843 173.1183300976476005 2000
22.094843800181351412 1320.7585891284315949 293.34309155205852448 2000
0 1986.0938598202526464 372.46788725111838403 2000
# Layered model 41401: value=0.0527831
4
4.1183225731678865245 578.29497648390736231 97.20830597214859381 2000
9.7347485877377479824 741.62398040070127081 173.1183300976476005 2000
22.454322949792221209 1518.177940115236197 293.34309155205852448 2000
0 1966.4295641784678992 372.46788725111838403 2000
# Layered model 41002: value=0.0527835
4
4.1183225731678865245 572.56928364743305337 97.20830597214859381 2000
9.7347485877377479824 741.62398040070127081 173.1183300976476005 2000
22.454322949792221209 1548.6933167115525976 293.34309155205852448 2000
0 1966.4295641784678992 372.46788725111838403 2000
# Layered model 41219: value=0.0527836
4
4.1183225731678865245 578.29497648390736231 97.20830597214859381 2000
9.7347485877377479824 741.62398040070127081 173.1183300976476005 2000
22.454322949792221209 1548.6933167115525976 293.34309155205852448 2000
0 1946.9599645331365991 372.46788725111838403 2000
# Layered model 41016: value=0.0527841
4
4.1183225731678865245 572.56928364743305337 97.20830597214859381 2000
9.7347485877377479824 741.62398040070127081 173.1183300976476005 2000
22.454322949792221209 1533.3597195163886227 293.34309155205852448 2000
0 1966.4295641784678992 372.46788725111838403 2000
# Layered model 44017: value=0.0527843
4
4.1183225731678865245 589.91870551123383848 97.20830597214859381 2000
9.7347485877377479824 727.01105813224319263 173.1183300976476005 2000
22.094843800181351412 1374.3866840889882042 293.34309155205852448 2000
0 1986.0938598202526464 372.46788725111838403 2000
# Layered model 44555: value=0.0527863
4
4.1183225731678865245 578.29497648390736231 97.20830597214859381 2000
9.7347485877377479824 734.28116871356564843 173.1183300976476005 2000
22.094843800181351412 1347.3058367699129576 293.34309155205852448 2000
0 1946.9599645331365991 372.46788725111838403 2000
# Layered model 43566: value=0.0527878
4
4.1183225731678865245 578.29497648390736231 97.20830597214859381 2000
9.7347485877377479824 727.01105813224319263 173.1183300976476005 2000
22.094843800181351412 1347.3058367699129576 293.34309155205852448 2000
0 1986.0938598202526464 372.46788725111838403 2000
# Layered model 44010: value=0.0527901
4
4.1183225731678865245 584.07792624874639387 97.20830597214859381 2000
9.7347485877377479824 734.28116871356564843 173.1183300976476005 2000
22.094843800181351412 1347.3058367699129576 293.34309155205852448 2000
0 1986.0938598202526464 372.46788725111838403 2000
# Layered model 43882: value=0.0527906
4
4.1183225731678865245 584.07792624874639387 97.20830597214859381 2000
9.7347485877377479824 727.01105813224319263 173.1183300976476005 2000
22.094843800181351412 1388.1305509298781544 293.34309155205852448 2000
0 1966.4295641784678992 372.46788725111838403 2000
# Layered model 44402: value=0.0527907
4
4.1183225731678865245 578.29497648390736231 97.20830597214859381 2000
9.7347485877377479824 734.28116871356564843 173.1183300976476005 2000
22.094843800181351412 1333.9661750197158199 293.34309155205852448 2000
0 1946.9599645331365991 372.46788725111838403 2000
# Layered model 44005: value=0.0527918
4
4.1183225731678865245 584.07792624874639387 97.20830597214859381 2000
9.7347485877377479824 727.01105813224319263 173.1183300976476005 2000
22.094843800181351412 1360.7788951376121531 293.34309155205852448 2000
0 1908.5971615852729428 372.46788725111838403 2000
# Layered model 44015: value=0.0527922
4
4.1183225731678865245 578.29497648390736231 97.20830597214859381 2000
9.7347485877377479824 734.28116871356564843 173.1183300976476005 2000
22.094843800181351412 1360.7788951376121531 293.34309155205852448 2000
0 1986.0938598202526464 372.46788725111838403 2000
# Layered model 41309: value=0.0527922
4
4.1183225731678865245 578.29497648390736231 97.20830597214859381 2000
9.7347485877377479824 741.62398040070127081 173.1183300976476005 2000
22.454322949792221209 1533.3597195163886227 293.34309155205852448 2000
0 1927.6831332011258837 372.46788725111838403 2000
# Layered model 44014: value=0.0527925
4
4.1183225731678865245 584.07792624874639387 97.20830597214859381 2000
9.7347485877377479824 727.01105813224319263 173.1183300976476005 2000
22.094843800181351412 1374.3866840889882042 293.34309155205852448 2000
0 1908.5971615852729428 372.46788725111838403 2000
# Layered model 44092: value=0.052793
4
4.1183225731678865245 578.29497648390736231 97.20830597214859381 2000
9.7347485877377479824 727.01105813224319263 173.1183300976476005 2000
22.094843800181351412 1374.3866840889882042 293.34309155205852448 2000
0 1946.9599645331365991 372.46788725111838403 2000
# Layered model 40801: value=0.0527935
4
4.1183225731678865245 572.56928364743305337 97.20830597214859381 2000
9.7347485877377479824 741.62398040070127081 173.1183300976476005 2000
22.454322949792221209 1548.6933167115525976 293.34309155205852448 2000
0 1946.9599645331365991 372.46788725111838403 2000
# Layered model 43892: value=0.0527936
4
4.1183225731678865245 589.91870551123383848 97.20830597214859381 2000
9.7347485877377479824 727.01105813224319263 173.1183300976476005 2000
22.094843800181351412 1347.3058367699129576 293.34309155205852448 2000
0 1966.4295641784678992 372.46788725111838403 2000
# Layered model 41015: value=0.052794
4
4.1183225731678865245 578.29497648390736231 97.20830597214859381 2000
9.7347485877377479824 741.62398040070127081 173.1183300976476005 2000
22.454322949792221209 1548.6933167115525976 293.34309155205852448 2000
0 1927.6831332011258837 372.46788725111838403 2000
# Layered model 43807: value=0.0527968
4
4.1183225731678865245 589.91870551123383848 97.20830597214859381 2000
9.7347485877377479824 727.01105813224319263 173.1183300976476005 2000
22.094843800181351412 1360.7788951376121531 293.34309155205852448 2000
0 1946.9599645331365991 372.46788725111838403 2000
# Layered model 41324: value=0.0527972
4
4.1183225731678865245 572.56928364743305337 97.20830597214859381 2000
9.7347485877377479824 741.62398040070127081 173.1183300976476005 2000
22.454322949792221209 1533.3597195163886227 293.34309155205852448 2000
0 1946.9599645331365991 372.46788725111838403 2000
# Layered model 44151: value=0.0527978
4
4.1183225731678865245 584.07792624874639387 97.20830597214859381 2000
9.7347485877377479824 727.01105813224319263 173.1183300976476005 2000
22.094843800181351412 1333.9661750197158199 293.34309155205852448 2000
0 1986.0938598202526464 372.46788725111838403 2000
# Layered model 41210: value=0.0527988
4
4.1183225731678865245 578.29497648390736231 97.20830597214859381 2000
9.7347485877377479824 741.62398040070127081 173.1183300976476005 2000
22.454322949792221209 1518.177940115236197 293.34309155205852448 2000
0 1946.9599645331365991 372.46788725111838403 2000
# Layered model 41400: value=0.052799
4
4.1183225731678865245 578.29497648390736231 97.20830597214859381 2000
9.7347485877377479824 741.62398040070127081 173.1183300976476005 2000
22.454322949792221209 1564.1802498786680644 293.34309155205852448 2000
0 1986.0938598202526464 372.46788725111838403 2000
# Layered model 41601: value=0.0527998
4
4.1183225731678865245 572.56928364743305337 97.20830597214859381 2000
9.7347485877377479824 741.62398040070127081 173.1183300976476005 2000
22.454322949792221209 1564.1802498786680644 293.34309155205852448 2000
0 1986.0938598202526464 372.46788725111838403 2000
# Layered model 43815: value=0.0528
4
4.1183225731678865245 589.91870551123383848 97.20830597214859381 2000
9.7347485877377479824 727.01105813224319263 173.1183300976476005 2000
22.094843800181351412 1374.3866840889882042 293.34309155205852448 2000
0 1966.4295641784678992 372.46788725111838403 2000
# Layered model 43799: value=0.0528036
4
4.1183225731678865245 584.07792624874639387 97.20830597214859381 2000
9.7347485877377479824 727.01105813224319263 173.1183300976476005 2000
22.094843800181351412 1388.1305509298781544 293.34309155205852448 2000
0 1946.9599645331365991 372.46788725111838403 2000
# Layered model 44059: value=0.0528042
4
4.1183225731678865245 572.56928364743305337 97.20830597214859381 2000
9.7347485877377479824 734.28116871356564843 173.1183300976476005 2000
22.094843800181351412 1347.3058367699129576 293.34309155205852448 2000
0 1986.0938598202526464 372.46788725111838403 2000
# Layered model 44409: value=0.0528043
4
4.1183225731678865245 578.29497648390736231 97.20830597214859381 2000
9.7347485877377479824 727.01105813224319263 173.1183300976476005 2000
22.094843800181351412 1388.1305509298781544 293.34309155205852448 2000
0 1986.0938598202526464 372.46788725111838403 2000
# Layered model 41330: value=0.0528044
4
4.1183225731678865245 572.56928364743305337 97.20830597214859381 2000
9.7347485877377479824 741.62398040070127081 173.1183300976476005 2000
22.454322949792221209 1548.6933167115525976 293.34309155205852448 2000
0 1927.6831332011258837 372.46788725111838403 2000
# Layered model 41375: value=0.052805
4
4.1183225731678865245 578.29497648390736231 97.20830597214859381 2000
9.7347485877377479824 741.62398040070127081 173.1183300976476005 2000
22.454322949792221209 1564.1802498786680644 293.34309155205852448 2000
0 1966.4295641784678992 372.46788725111838403 2000
# Layered model 41603: value=0.0528051
4
4.1183225731678865245 578.29497648390736231 97.20830597214859381 2000
9.7347485877377479824 741.62398040070127081 173.1183300976476005 2000
22.454322949792221209 1548.6933167115525976 293.34309155205852448 2000
0 1908.5971615852729428 372.46788725111838403 2000
# Layered model 44089: value=0.0528055
4
4.1183225731678865245 584.07792624874639387 97.20830597214859381 2000
9.7347485877377479824 727.01105813224319263 173.1183300976476005 2000
22.094843800181351412 1347.3058367699129576 293.34309155205852448 2000
0 1927.6831332011258837 372.46788725111838403 2000
# Layered model 41230: value=0.0528062
4
4.1183225731678865245 572.56928364743305337 97.20830597214859381 2000
9.7347485877377479824 741.62398040070127081 173.1183300976476005 2000
22.454322949792221209 1564.1802498786680644 293.34309155205852448 2000
0 1966.4295641784678992 372.46788725111838403 2000
# Layered model 41497: value=0.0528065
4
4.1183225731678865245 578.29497648390736231 97.20830597214859381 2000
9.7347485877377479824 741.62398040070127081 173.1183300976476005 2000
22.454322949792221209 1533.3597195163886227 293.34309155205852448 2000
0 1908.5971615852729428 372.46788725111838403 2000
# Layered model 44407: value=0.0528081
4
4.1183225731678865245 578.29497648390736231 97.20830597214859381 2000
9.7347485877377479824 734.28116871356564843 173.1183300976476005 2000
22.094843800181351412 1360.7788951376121531 293.34309155205852448 2000
0 1966.4295641784678992 372.46788725111838403 2000
# Layered model 41205: value=0.0528083
4
4.1183225731678865245 578.29497648390736231 97.20830597214859381 2000
9.7347485877377479824 741.62398040070127081 173.1183300976476005 2000
22.454322949792221209 1503.1464753616198777 293.34309155205852448 2000
0 1986.0938598202526464 372.46788725111838403 2000
# Layered model 44418: value=0.0528083
4
4.1183225731678865245 578.29497648390736231 97.20830597214859381 2000
9.7347485877377479824 734.28116871356564843 173.1183300976476005 2000
22.094843800181351412 1347.3058367699129576 293.34309155205852448 2000
0 1927.6831332011258837 372.46788725111838403 2000
# Layered model 44406: value=0.0528095
4
4.1183225731678865245 584.07792624874639387 97.20830597214859381 2000
9.7347485877377479824 734.28116871356564843 173.1183300976476005 2000
22.094843800181351412 1347.3058367699129576 293.34309155205852448 2000
0 1966.4295641784678992 372.46788725111838403 2000
# Layered model 41202: value=0.0528095
4
4.1183225731678865245 572.56928364743305337 97.20830597214859381 2000
9.7347485877377479824 741.62398040070127081 173.1183300976476005 2000
22.454322949792221209 1518.177940115236197 293.34309155205852448 2000
0 1966.4295641784678992 372.46788725111838403 2000
# Layered model 41413: value=0.0528111
4
4.1183225731678865245 572.56928364743305337 97.20830597214859381 2000
9.7347485877377479824 741.62398040070127081 173.1183300976476005 2000
22.454322949792221209 1533.3597195163886227 293.34309155205852448 2000
0 1927.6831332011258837 372.46788725111838403 2000
# Layered model 44479: value=0.0528111
4
4.1183225731678865245 578.29497648390736231 97.20830597214859381 2000
9.7347485877377479824 734.28116871356564843 173.1183300976476005 2000
22.094843800181351412 1320.7585891284315949 293.34309155205852448 2000
0 1966.4295641784678992 372.46788725111838403 2000
# Layered model 44226: value=0.0528115
4
4.1183225731678865245 578.29497648390736231 97.20830597214859381 2000
9.7347485877377479824 727.01105813224319263 173.1183300976476005 2000
22.094843800181351412 1374.3866840889882042 293.34309155205852448 2000
0 1927.6831332011258837 372.46788725111838403 2000
# Layered model 44460: value=0.0528116
4
4.1183225731678865245 572.56928364743305337 97.20830597214859381 2000
9.7347485877377479824 734.28116871356564843 173.1183300976476005 2000
22.094843800181351412 1333.9661750197158199 293.34309155205852448 2000
0 1986.0938598202526464 372.46788725111838403 2000
# Layered model 41328: value=0.0528117
4
4.1183225731678865245 578.29497648390736231 97.20830597214859381 2000
9.7347485877377479824 741.62398040070127081 173.1183300976476005 2000
22.454322949792221209 1564.1802498786680644 293.34309155205852448 2000
0 1946.9599645331365991 372.46788725111838403 2000
# Layered model 41448: value=0.0528121
4
4.1183225731678865245 578.29497648390736231 97.20830597214859381 2000
9.7347485877377479824 734.28116871356564843 173.1183300976476005 2000
22.454322949792221209 1579.8220523774548383 293.34309155205852448 2000
0 1986.0938598202526464 372.46788725111838403 2000
# Layered model 44223: value=0.0528125
4
4.1183225731678865245 584.07792624874639387 97.20830597214859381 2000
9.7347485877377479824 727.01105813224319263 173.1183300976476005 2000
22.094843800181351412 1374.3866840889882042 293.34309155205852448 2000
0 1889.7001599854190772 372.46788725111838403 2000
# Layered model 44218: value=0.0528126
4
4.1183225731678865245 578.29497648390736231 97.20830597214859381 2000
9.7347485877377479824 727.01105813224319263 173.1183300976476005 2000
22.094843800181351412 1347.3058367699129576 293.34309155205852448 2000
0 1966.4295641784678992 372.46788725111838403 2000
# Layered model 41214: value=0.0528133
4
4.1183225731678865245 572.56928364743305337 97.20830597214859381 2000
9.7347485877377479824 741.62398040070127081 173.1183300976476005 2000
22.454322949792221209 1564.1802498786680644 293.34309155205852448 2000
0 1946.9599645331365991 372.46788725111838403 2000
# Layered model 41585: value=0.0528139
4
4.1183225731678865245 578.29497648390736231 97.20830597214859381 2000
9.7347485877377479824 734.28116871356564843 173.1183300976476005 2000
22.454322949792221209 1564.1802498786680644 293.34309155205852448 2000
0 1986.0938598202526464 372.46788725111838403 2000
# Layered model 41487: value=0.0528151
4
4.1183225731678865245 584.07792624874639387 97.20830597214859381 2000
9.7347485877377479824 734.28116871356564843 173.1183300976476005 2000
22.454322949792221209 1564.1802498786680644 293.34309155205852448 2000
0 1986.0938598202526464 372.46788725111838403 2000
# Layered model 41406: value=0.0528154
4
4.1183225731678865245 578.29497648390736231 97.20830597214859381 2000
9.7347485877377479824 741.62398040070127081 173.1183300976476005 2000
22.454322949792221209 1518.177940115236197 293.34309155205852448 2000
0 1927.6831332011258837 372.46788725111838403 2000
# Layered model 44220: value=0.0528162
4
4.1183225731678865245 584.07792624874639387 97.20830597214859381 2000
9.7347485877377479824 727.01105813224319263 173.1183300976476005 2000
22.094843800181351412 1360.7788951376121531 293.34309155205852448 2000
0 1889.7001599854190772 372.46788725111838403 2000
# Layered model 44362: value=0.052817
4
4.1183225731678865245 578.29497648390736231 97.20830597214859381 2000
9.7347485877377479824 727.01105813224319263 173.1183300976476005 2000
22.094843800181351412 1388.1305509298781544 293.34309155205852448 2000
0 1966.4295641784678992 372.46788725111838403 2000
# Layered model 41721: value=0.052817
4
4.1183225731678865245 578.29497648390736231 97.20830597214859381 2000
9.7347485877377479824 741.62398040070127081 173.1183300976476005 2000
22.454322949792221209 1548.6933167115525976 293.34309155205852448 2000
0 1889.7001599854190772 372.46788725111838403 2000
# Layered model 44018: value=0.052817
4
4.1183225731678865245 578.29497648390736231 97.20830597214859381 2000
9.7347485877377479824 734.28116871356564843 173.1183300976476005 2000
22.094843800181351412 1333.9661750197158199 293.34309155205852448 2000
0 1927.6831332011258837 372.46788725111838403 2000
# Layered model 44166: value=0.0528174
4
4.1183225731678865245 578.29497648390736231 97.20830597214859381 2000
9.7347485877377479824 727.01105813224319263 173.1183300976476005 2000
22.094843800181351412 1360.7788951376121531 293.34309155205852448 2000
0 1927.6831332011258837 372.46788725111838403 2000
# Layered model 44003: value=0.0528175
4
4.1183225731678865245 584.07792624874639387 97.20830597214859381 2000
9.7347485877377479824 727.01105813224319263 173.1183300976476005 2000
22.094843800181351412 1388.1305509298781544 293.34309155205852448 2000
0 1927.6831332011258837 372.46788725111838403 2000
# Layered model 43816: value=0.0528184
4
4.1183225731678865245 589.91870551123383848 97.20830597214859381 2000
9.7347485877377479824 719.81292884380513897 173.1183300976476005 2000
22.094843800181351412 1388.1305509298781544 293.34309155205852448 2000
0 1986.0938598202526464 372.46788725111838403 2000
# Layered model 44087: value=0.0528185
4
4.1183225731678865245 589.91870551123383848 97.20830597214859381 2000
9.7347485877377479824 727.01105813224319263 173.1183300976476005 2000
22.094843800181351412 1347.3058367699129576 293.34309155205852448 2000
0 1946.9599645331365991 372.46788725111838403 2000
# Layered model 44020: value=0.0528185
4
4.1183225731678865245 589.91870551123383848 97.20830597214859381 2000
9.7347485877377479824 727.01105813224319263 173.1183300976476005 2000
22.094843800181351412 1360.7788951376121531 293.34309155205852448 2000
0 1927.6831332011258837 372.46788725111838403 2000
# Layered model 41203: value=0.052819
4
4.1183225731678865245 578.29497648390736231 97.20830597214859381 2000
9.7347485877377479824 741.62398040070127081 173.1183300976476005 2000
22.454322949792221209 1564.1802498786680644 293.34309155205852448 2000
0 1927.6831332011258837 372.46788725111838403 2000
# Layered model 41460: value=0.0528197
4
4.1183225731678865245 578.29497648390736231 97.20830597214859381 2000
9.7347485877377479824 734.28116871356564843 173.1183300976476005 2000
22.454322949792221209 1579.8220523774548383 293.34309155205852448 2000
0 1966.4295641784678992 372.46788725111838403 2000
# Layered model 40825: value=0.0528211
4
4.1183225731678865245 572.56928364743305337 97.20830597214859381 2000
9.7347485877377479824 741.62398040070127081 173.1183300976476005 2000
22.454322949792221209 1564.1802498786680644 293.34309155205852448 2000
0 1927.6831332011258837 372.46788725111838403 2000
# Layered model 41254: value=0.0528212
4
4.1183225731678865245 584.07792624874639387 97.20830597214859381 2000
9.7347485877377479824 734.28116871356564843 173.1183300976476005 2000
22.454322949792221209 1579.8220523774548383 293.34309155205852448 2000
0 1986.0938598202526464 372.46788725111838403 2000
# Layered model 41616: value=0.0528217
4
4.1183225731678865245 578.29497648390736231 97.20830597214859381 2000
9.7347485877377479824 741.62398040070127081 173.1183300976476005 2000
22.454322949792221209 1533.3597195163886227 293.34309155205852448 2000
0 1889.7001599854190772 372.46788725111838403 2000
# Layered model 44372: value=0.052823
4
4.1183225731678865245 584.07792624874639387 97.20830597214859381 2000
9.7347485877377479824 734.28116871356564843 173.1183300976476005 2000
22.094843800181351412 1333.9661750197158199 293.34309155205852448 2000
0 1946.9599645331365991 372.46788725111838403 2000
# Layered model 41432: value=0.0528243
4
4.1183225731678865245 578.29497648390736231 97.20830597214859381 2000
9.7347485877377479824 734.28116871356564843 173.1183300976476005 2000
22.454322949792221209 1564.1802498786680644 293.34309155205852448 2000
0 1966.4295641784678992 372.46788725111838403 2000
