# 60000 /scratch/04709/vantaj94/Reports_2020-02-17/VS2_Tar5_LN3_Sd2.report
# Layered model 35463: value=0.0289153
3
4.1183225731678865245 271.47198107553475666 98.180389031870078043 2000
9.4617883580208541616 315.1705422814876556 183.76859583704853662 2000
0 1183.8272485511674859 376.19256612362960368 2000
# Layered model 35347: value=0.0291064
3
4.1183225731678865245 271.47198107553475666 98.180389031870078043 2000
9.4617883580208541616 315.1705422814876556 183.76859583704853662 2000
0 1172.1061866843242569 376.19256612362960368 2000
# Layered model 35350: value=0.0294541
3
4.1183225731678865245 271.47198107553475666 98.180389031870078043 2000
9.4617883580208541616 315.1705422814876556 183.76859583704853662 2000
0 1195.665521036679138 376.19256612362960368 2000
# Layered model 34484: value=0.0298263
3
4.1595057988995653986 288.17297823525353806 98.180389031870078043 2000
9.5564062416010635559 315.1705422814876556 183.76859583704853662 2000
0 1219.6983980095162678 376.19256612362960368 2000
# Layered model 35206: value=0.0300666
3
4.1183225731678865245 271.47198107553475666 98.180389031870078043 2000
9.4617883580208541616 315.1705422814876556 183.76859583704853662 2000
0 1160.501174934974415 376.19256612362960368 2000
# Layered model 58200: value=0.0300667
3
4.1183225731678865245 271.47198107553475666 98.180389031870078043 2000
9.59758946733274243 318.32224770430252647 183.76859583704853662 2000
0 999.59707756795728528 379.95449178486586561 2000
# Layered model 35001: value=0.0300899
3
4.1595057988995653986 288.17297823525353806 98.180389031870078043 2000
9.5564062416010635559 315.1705422814876556 183.76859583704853662 2000
0 1231.895381989611451 376.19256612362960368 2000
# Layered model 35159: value=0.0301722
3
4.1595057988995653986 288.17297823525353806 98.180389031870078043 2000
9.5564062416010635559 315.1705422814876556 183.76859583704853662 2000
0 1207.6221762470458998 376.19256612362960368 2000
# Layered model 57613: value=0.0301727
3
4.1183225731678865245 271.47198107553475666 98.180389031870078043 2000
9.59758946733274243 318.32224770430252647 183.76859583704853662 2000
0 1009.5930483436369514 379.95449178486586561 2000
# Layered model 35219: value=0.0306352
3
4.1183225731678865245 271.47198107553475666 98.180389031870078043 2000
9.4617883580208541616 315.1705422814876556 183.76859583704853662 2000
0 1207.6221762470458998 376.19256612362960368 2000
# Layered model 35011: value=0.0309064
3
4.1595057988995653986 288.17297823525353806 98.180389031870078043 2000
9.5564062416010635559 315.1705422814876556 183.76859583704853662 2000
0 1244.2143358095074746 376.19256612362960368 2000
# Layered model 35098: value=0.0311508
3
4.1595057988995653986 288.17297823525353806 98.180389031870078043 2000
9.5564062416010635559 315.1705422814876556 183.76859583704853662 2000
0 1195.665521036679138 376.19256612362960368 2000
# Layered model 58365: value=0.0316626
3
4.1183225731678865245 271.47198107553475666 98.180389031870078043 2000
9.59758946733274243 318.32224770430252647 183.76859583704853662 2000
0 989.70007679995774197 379.95449178486586561 2000
# Layered model 35281: value=0.0317798
3
4.1183225731678865245 271.47198107553475666 98.180389031870078043 2000
9.4617883580208541616 315.1705422814876556 183.76859583704853662 2000
0 1149.0110642920537884 376.19256612362960368 2000
# Layered model 57028: value=0.0318389
3
4.1183225731678865245 271.47198107553475666 98.180389031870078043 2000
9.59758946733274243 318.32224770430252647 183.76859583704853662 2000
0 1019.6889788270731287 379.95449178486586561 2000
# Layered model 35002: value=0.0320315
3
4.1595057988995653986 285.31978043094409259 98.180389031870078043 2000
9.5564062416010635559 315.1705422814876556 183.76859583704853662 2000
0 1231.895381989611451 376.19256612362960368 2000
# Layered model 35209: value=0.0320568
3
4.1595057988995653986 291.05470801760606037 98.180389031870078043 2000
9.6935653620060691082 318.32224770430252647 183.76859583704853662 2000
0 1195.665521036679138 376.19256612362960368 2000
# Layered model 58202: value=0.0320715
3
4.1183225731678865245 271.47198107553475666 98.180389031870078043 2000
9.4617883580208541616 315.1705422814876556 183.76859583704853662 2000
0 1009.5930483436369514 379.95449178486586561 2000
# Layered model 34813: value=0.0320938
3
4.1595057988995653986 285.31978043094409259 98.180389031870078043 2000
9.5564062416010635559 315.1705422814876556 183.76859583704853662 2000
0 1244.2143358095074746 376.19256612362960368 2000
# Layered model 35271: value=0.0321965
3
4.1595057988995653986 288.17297823525353806 98.180389031870078043 2000
9.5564062416010635559 315.1705422814876556 183.76859583704853662 2000
0 1256.6564791676025834 376.19256612362960368 2000
# Layered model 35202: value=0.0322486
3
4.1595057988995653986 291.05470801760606037 98.180389031870078043 2000
9.6935653620060691082 318.32224770430252647 183.76859583704853662 2000
0 1183.8272485511674859 376.19256612362960368 2000
# Layered model 35285: value=0.0323446
3
4.1183225731678865245 271.47198107553475666 98.180389031870078043 2000
9.4617883580208541616 315.1705422814876556 183.76859583704853662 2000
0 1219.6983980095162678 376.19256612362960368 2000
# Layered model 58403: value=0.0323498
3
4.1183225731678865245 271.47198107553475666 98.180389031870078043 2000
9.4617883580208541616 315.1705422814876556 183.76859583704853662 2000
0 1019.6889788270731287 379.95449178486586561 2000
# Layered model 35018: value=0.0324685
3
4.1595057988995653986 291.05470801760606037 98.180389031870078043 2000
9.6935653620060691082 318.32224770430252647 183.76859583704853662 2000
0 1207.6221762470458998 376.19256612362960368 2000
# Layered model 34800: value=0.0325138
3
4.1595057988995653986 285.31978043094409259 98.180389031870078043 2000
9.5564062416010635559 315.1705422814876556 183.76859583704853662 2000
0 1219.6983980095162678 376.19256612362960368 2000
# Layered model 35204: value=0.0326361
3
4.1595057988995653986 288.17297823525353806 98.180389031870078043 2000
9.6935653620060691082 318.32224770430252647 183.76859583704853662 2000
0 1207.6221762470458998 376.19256612362960368 2000
# Layered model 35003: value=0.0326603
3
4.1595057988995653986 285.31978043094409259 98.180389031870078043 2000
9.5564062416010635559 315.1705422814876556 183.76859583704853662 2000
0 1256.6564791676025834 376.19256612362960368 2000
# Layered model 35036: value=0.0327493
3
4.1595057988995653986 288.17297823525353806 98.180389031870078043 2000
9.5564062416010635559 315.1705422814876556 183.76859583704853662 2000
0 1183.8272485511674859 376.19256612362960368 2000
# Layered model 35222: value=0.0329061
3
4.1595057988995653986 288.17297823525353806 98.180389031870078043 2000
9.6935653620060691082 318.32224770430252647 183.76859583704853662 2000
0 1219.6983980095162678 376.19256612362960368 2000
# Layered model 35031: value=0.0329345
3
4.1595057988995653986 288.17297823525353806 98.180389031870078043 2000
9.6935653620060691082 318.32224770430252647 183.76859583704853662 2000
0 1195.665521036679138 376.19256612362960368 2000
# Layered model 58409: value=0.0330581
3
4.1183225731678865245 274.18670088629011161 98.180389031870078043 2000
9.59758946733274243 318.32224770430252647 183.76859583704853662 2000
0 999.59707756795728528 379.95449178486586561 2000
# Layered model 35212: value=0.0330773
3
4.1595057988995653986 291.05470801760606037 98.180389031870078043 2000
9.6935653620060691082 318.32224770430252647 183.76859583704853662 2000
0 1172.1061866843242569 376.19256612362960368 2000
# Layered model 58536: value=0.0332125
3
4.1183225731678865245 274.18670088629011161 98.180389031870078043 2000
9.59758946733274243 318.32224770430252647 183.76859583704853662 2000
0 989.70007679995774197 379.95449178486586561 2000
# Layered model 58569: value=0.03334
3
4.1183225731678865245 268.78413967874729451 98.180389031870078043 2000
9.4617883580208541616 315.1705422814876556 183.76859583704853662 2000
0 1019.6889788270731287 379.95449178486586561 2000
# Layered model 58408: value=0.0333553
3
4.1183225731678865245 271.47198107553475666 98.180389031870078043 2000
9.4617883580208541616 315.1705422814876556 183.76859583704853662 2000
0 999.59707756795728528 379.95449178486586561 2000
# Layered model 35300: value=0.0334204
3
4.1595057988995653986 291.05470801760606037 98.180389031870078043 2000
9.6935653620060691082 318.32224770430252647 183.76859583704853662 2000
0 1219.6983980095162678 376.19256612362960368 2000
# Layered model 34810: value=0.0335556
3
4.1595057988995653986 285.31978043094409259 98.180389031870078043 2000
9.5564062416010635559 315.1705422814876556 183.76859583704853662 2000
0 1207.6221762470458998 376.19256612362960368 2000
# Layered model 24000: value=0.033629
3
4.1595057988995653986 288.17297823525353806 98.180389031870078043 2000
9.5564062416010635559 315.1705422814876556 183.76859583704853662 2000
0 1660.4088544183136946 372.46788725111838403 2000
# Layered model 23618: value=0.0336534
3
4.1595057988995653986 288.17297823525353806 98.180389031870078043 2000
9.5564062416010635559 315.1705422814876556 183.76859583704853662 2000
0 1643.9691627904096549 372.46788725111838403 2000
# Layered model 35007: value=0.0336717
3
4.1595057988995653986 285.31978043094409259 98.180389031870078043 2000
9.5564062416010635559 315.1705422814876556 183.76859583704853662 2000
0 1269.2230439592785842 376.19256612362960368 2000
# Layered model 35298: value=0.0336921
3
4.1595057988995653986 288.17297823525353806 98.180389031870078043 2000
9.6935653620060691082 318.32224770430252647 183.76859583704853662 2000
0 1231.895381989611451 376.19256612362960368 2000
# Layered model 58211: value=0.033715
3
4.1183225731678865245 268.78413967874729451 98.180389031870078043 2000
9.4617883580208541616 315.1705422814876556 183.76859583704853662 2000
0 1029.8858686153439521 379.95449178486586561 2000
# Layered model 24201: value=0.0337288
3
4.1595057988995653986 288.17297823525353806 98.180389031870078043 2000
9.5564062416010635559 315.1705422814876556 183.76859583704853662 2000
0 1677.0129429624969362 372.46788725111838403 2000
# Layered model 23956: value=0.0338099
3
4.1595057988995653986 288.17297823525353806 98.180389031870078043 2000
9.5564062416010635559 315.1705422814876556 183.76859583704853662 2000
0 1627.6922403865441993 372.46788725111838403 2000
# Layered model 35167: value=0.0338272
3
4.1595057988995653986 288.17297823525353806 98.180389031870078043 2000
9.6935653620060691082 318.32224770430252647 183.76859583704853662 2000
0 1183.8272485511674859 376.19256612362960368 2000
# Layered model 35205: value=0.0338728
3
4.1595057988995653986 288.17297823525353806 98.180389031870078043 2000
9.5564062416010635559 315.1705422814876556 183.76859583704853662 2000
0 1269.2230439592785842 376.19256612362960368 2000
# Layered model 24229: value=0.0339435
3
4.1595057988995653986 288.17297823525353806 98.180389031870078043 2000
9.5564062416010635559 315.1705422814876556 183.76859583704853662 2000
0 1693.7830723921217668 372.46788725111838403 2000
# Layered model 58169: value=0.0340391
3
4.1183225731678865245 271.47198107553475666 98.180389031870078043 2000
9.4617883580208541616 315.1705422814876556 183.76859583704853662 2000
0 1029.8858686153439521 379.95449178486586561 2000
# Layered model 24001: value=0.0341056
3
4.1595057988995653986 288.17297823525353806 98.180389031870078043 2000
9.5564062416010635559 315.1705422814876556 183.76859583704853662 2000
0 1611.5764756302417027 372.46788725111838403 2000
# Layered model 35286: value=0.0341859
3
4.1183225731678865245 271.47198107553475666 98.180389031870078043 2000
9.4617883580208541616 315.1705422814876556 183.76859583704853662 2000
0 1137.6347171208453801 376.19256612362960368 2000
# Layered model 23885: value=0.0342636
3
4.1595057988995653986 288.17297823525353806 98.180389031870078043 2000
9.5564062416010635559 315.1705422814876556 183.76859583704853662 2000
0 1710.720903116043246 372.46788725111838403 2000
# Layered model 36604: value=0.0342977
3
4.1183225731678865245 274.18670088629011161 98.180389031870078043 2000
9.59758946733274243 318.32224770430252647 183.76859583704853662 2000
0 1149.0110642920537884 376.19256612362960368 2000
# Layered model 26204: value=0.0343348
3
4.1183225731678865245 271.47198107553475666 98.180389031870078043 2000
9.3273318141476977416 312.05004186285907508 183.76859583704853662 2000
0 1579.8220523774548383 372.46788725111838403 2000
# Layered model 26220: value=0.0343544
3
4.1183225731678865245 271.47198107553475666 98.180389031870078043 2000
9.4617883580208541616 315.1705422814876556 183.76859583704853662 2000
0 1548.6933167115525976 372.46788725111838403 2000
# Layered model 36800: value=0.0343611
3
4.1183225731678865245 274.18670088629011161 98.180389031870078043 2000
9.59758946733274243 318.32224770430252647 183.76859583704853662 2000
0 1160.501174934974415 376.19256612362960368 2000
# Layered model 26400: value=0.0343864
3
4.1183225731678865245 271.47198107553475666 98.180389031870078043 2000
9.3273318141476977416 312.05004186285907508 183.76859583704853662 2000
0 1564.1802498786680644 372.46788725111838403 2000
# Layered model 58418: value=0.0343942
3
4.1183225731678865245 268.78413967874729451 98.180389031870078043 2000
9.4617883580208541616 315.1705422814876556 183.76859583704853662 2000
0 1009.5930483436369514 379.95449178486586561 2000
# Layered model 58436: value=0.0344261
3
4.1183225731678865245 274.18670088629011161 98.180389031870078043 2000
9.59758946733274243 318.32224770430252647 183.76859583704853662 2000
0 1009.5930483436369514 379.95449178486586561 2000
# Layered model 26201: value=0.0344317
3
4.1183225731678865245 271.47198107553475666 98.180389031870078043 2000
9.4617883580208541616 315.1705422814876556 183.76859583704853662 2000
0 1533.3597195163886227 372.46788725111838403 2000
# Layered model 26379: value=0.0344417
3
4.1183225731678865245 271.47198107553475666 98.180389031870078043 2000
9.3273318141476977416 312.05004186285907508 183.76859583704853662 2000
0 1595.6202729012293275 372.46788725111838403 2000
# Layered model 26401: value=0.034446
3
4.1183225731678865245 271.47198107553475666 98.180389031870078043 2000
9.4617883580208541616 315.1705422814876556 183.76859583704853662 2000
0 1564.1802498786680644 372.46788725111838403 2000
# Layered model 35405: value=0.0344655
3
4.1183225731678865245 271.47198107553475666 98.180389031870078043 2000
9.4617883580208541616 315.1705422814876556 183.76859583704853662 2000
0 1231.895381989611451 376.19256612362960368 2000
# Layered model 35467: value=0.0344795
3
4.1183225731678865245 274.18670088629011161 98.180389031870078043 2000
9.4617883580208541616 315.1705422814876556 183.76859583704853662 2000
0 1160.501174934974415 376.19256612362960368 2000
# Layered model 35211: value=0.0345224
3
4.1183225731678865245 274.18670088629011161 98.180389031870078043 2000
9.4617883580208541616 315.1705422814876556 183.76859583704853662 2000
0 1172.1061866843242569 376.19256612362960368 2000
# Layered model 35218: value=0.0345419
3
4.1595057988995653986 291.05470801760606037 98.180389031870078043 2000
9.6935653620060691082 318.32224770430252647 183.76859583704853662 2000
0 1160.501174934974415 376.19256612362960368 2000
# Layered model 23805: value=0.034546
3
4.1595057988995653986 288.17297823525353806 98.180389031870078043 2000
9.5564062416010635559 315.1705422814876556 183.76859583704853662 2000
0 1595.6202729012293275 372.46788725111838403 2000
# Layered model 26420: value=0.0346066
3
4.1183225731678865245 271.47198107553475666 98.180389031870078043 2000
9.3273318141476977416 312.05004186285907508 183.76859583704853662 2000
0 1548.6933167115525976 372.46788725111838403 2000
# Layered model 24007: value=0.0346793
3
4.1595057988995653986 288.17297823525353806 98.180389031870078043 2000
9.5564062416010635559 315.1705422814876556 183.76859583704853662 2000
0 1727.828112147203683 372.46788725111838403 2000
# Layered model 26409: value=0.0346884
3
4.1183225731678865245 271.47198107553475666 98.180389031870078043 2000
9.4617883580208541616 315.1705422814876556 183.76859583704853662 2000
0 1518.177940115236197 372.46788725111838403 2000
# Layered model 26434: value=0.0346942
3
4.1183225731678865245 271.47198107553475666 98.180389031870078043 2000
9.4617883580208541616 315.1705422814876556 183.76859583704853662 2000
0 1579.8220523774548383 372.46788725111838403 2000
# Layered model 26402: value=0.0346954
3
4.1183225731678865245 271.47198107553475666 98.180389031870078043 2000
9.3273318141476977416 312.05004186285907508 183.76859583704853662 2000
0 1611.5764756302417027 372.46788725111838403 2000
# Layered model 35412: value=0.0347311
3
4.1183225731678865245 268.78413967874729451 98.180389031870078043 2000
9.4617883580208541616 315.1705422814876556 183.76859583704853662 2000
0 1195.665521036679138 376.19256612362960368 2000
# Layered model 58282: value=0.0347356
3
4.1183225731678865245 271.47198107553475666 98.180389031870078043 2000
9.59758946733274243 318.32224770430252647 183.76859583704853662 2000
0 1029.8858686153439521 379.95449178486586561 2000
# Layered model 35085: value=0.0348313
3
4.1595057988995653986 291.05470801760606037 98.180389031870078043 2000
9.6935653620060691082 318.32224770430252647 183.76859583704853662 2000
0 1231.895381989611451 376.19256612362960368 2000
# Layered model 58423: value=0.0348488
3
4.1183225731678865245 271.47198107553475666 98.180389031870078043 2000
9.59758946733274243 318.32224770430252647 183.76859583704853662 2000
0 979.90106613857187767 379.95449178486586561 2000
# Layered model 35242: value=0.0349243
3
4.1595057988995653986 288.17297823525353806 98.180389031870078043 2000
9.6935653620060691082 318.32224770430252647 183.76859583704853662 2000
0 1244.2143358095074746 376.19256612362960368 2000
# Layered model 34809: value=0.0349264
3
4.1595057988995653986 288.17297823525353806 98.180389031870078043 2000
9.5564062416010635559 315.1705422814876556 183.76859583704853662 2000
0 1172.1061866843242569 376.19256612362960368 2000
# Layered model 35402: value=0.0349322
3
4.1183225731678865245 268.78413967874729451 98.180389031870078043 2000
9.4617883580208541616 315.1705422814876556 183.76859583704853662 2000
0 1207.6221762470458998 376.19256612362960368 2000
# Layered model 36602: value=0.0349376
3
4.1183225731678865245 274.18670088629011161 98.180389031870078043 2000
9.59758946733274243 318.32224770430252647 183.76859583704853662 2000
0 1137.6347171208453801 376.19256612362960368 2000
# Layered model 58470: value=0.0349903
3
4.1183225731678865245 274.18670088629011161 98.180389031870078043 2000
9.59758946733274243 318.32224770430252647 183.76859583704853662 2000
0 979.90106613857187767 379.95449178486586561 2000
# Layered model 26217: value=0.0350035
3
4.1183225731678865245 271.47198107553475666 98.180389031870078043 2000
9.3273318141476977416 312.05004186285907508 183.76859583704853662 2000
0 1533.3597195163886227 372.46788725111838403 2000
# Layered model 34887: value=0.035059
3
4.1595057988995653986 285.31978043094409259 98.180389031870078043 2000
9.5564062416010635559 315.1705422814876556 183.76859583704853662 2000
0 1281.915274398871361 376.19256612362960368 2000
# Layered model 36803: value=0.0350747
3
4.1183225731678865245 274.18670088629011161 98.180389031870078043 2000
9.59758946733274243 318.32224770430252647 183.76859583704853662 2000
0 1172.1061866843242569 376.19256612362960368 2000
# Layered model 26418: value=0.0350832
3
4.1183225731678865245 271.47198107553475666 98.180389031870078043 2000
9.3273318141476977416 312.05004186285907508 183.76859583704853662 2000
0 1627.6922403865441993 372.46788725111838403 2000
# Layered model 26429: value=0.0350856
3
4.1183225731678865245 271.47198107553475666 98.180389031870078043 2000
9.4617883580208541616 315.1705422814876556 183.76859583704853662 2000
0 1595.6202729012293275 372.46788725111838403 2000
# Layered model 35411: value=0.0351165
3
4.1183225731678865245 268.78413967874729451 98.180389031870078043 2000
9.4617883580208541616 315.1705422814876556 183.76859583704853662 2000
0 1183.8272485511674859 376.19256612362960368 2000
# Layered model 35166: value=0.0351216
3
4.1183225731678865245 274.18670088629011161 98.180389031870078043 2000
9.4617883580208541616 315.1705422814876556 183.76859583704853662 2000
0 1149.0110642920537884 376.19256612362960368 2000
# Layered model 26407: value=0.0351324
3
4.1183225731678865245 271.47198107553475666 98.180389031870078043 2000
9.4617883580208541616 315.1705422814876556 183.76859583704853662 2000
0 1503.1464753616198777 372.46788725111838403 2000
# Layered model 23694: value=0.0351351
3
4.1595057988995653986 288.17297823525353806 98.180389031870078043 2000
9.5564062416010635559 315.1705422814876556 183.76859583704853662 2000
0 1579.8220523774548383 372.46788725111838403 2000
# Layered model 34975: value=0.035146
3
4.1595057988995653986 285.31978043094409259 98.180389031870078043 2000
9.5564062416010635559 315.1705422814876556 183.76859583704853662 2000
0 1195.665521036679138 376.19256612362960368 2000
# Layered model 24070: value=0.0351805
3
4.1595057988995653986 288.17297823525353806 98.180389031870078043 2000
9.5564062416010635559 315.1705422814876556 183.76859583704853662 2000
0 1745.106393268675447 372.46788725111838403 2000
# Layered model 35408: value=0.0352
3
4.1183225731678865245 274.18670088629011161 98.180389031870078043 2000
9.4617883580208541616 315.1705422814876556 183.76859583704853662 2000
0 1183.8272485511674859 376.19256612362960368 2000
# Layered model 35210: value=0.0353109
3
4.1595057988995653986 288.17297823525353806 98.180389031870078043 2000
9.6935653620060691082 318.32224770430252647 183.76859583704853662 2000
0 1172.1061866843242569 376.19256612362960368 2000
# Layered model 58404: value=0.0353714
3
4.1183225731678865245 268.78413967874729451 98.180389031870078043 2000
9.4617883580208541616 315.1705422814876556 183.76859583704853662 2000
0 1040.1847273014973325 379.95449178486586561 2000
# Layered model 26287: value=0.0354967
3
4.1183225731678865245 274.18670088629011161 98.180389031870078043 2000
9.4617883580208541616 315.1705422814876556 183.76859583704853662 2000
0 1503.1464753616198777 372.46788725111838403 2000
# Layered model 25800: value=0.0355091
3
4.1183225731678865245 274.18670088629011161 98.180389031870078043 2000
9.4617883580208541616 315.1705422814876556 183.76859583704853662 2000
0 1518.177940115236197 372.46788725111838403 2000
# Layered model 26576: value=0.035583
3
4.1183225731678865245 271.47198107553475666 98.180389031870078043 2000
9.3273318141476977416 312.05004186285907508 183.76859583704853662 2000
0 1518.177940115236197 372.46788725111838403 2000
# Layered model 26289: value=0.0355919
3
4.1183225731678865245 271.47198107553475666 98.180389031870078043 2000
9.3273318141476977416 312.05004186285907508 183.76859583704853662 2000
0 1643.9691627904096549 372.46788725111838403 2000
# Layered model 26096: value=0.0356058
3
4.1183225731678865245 271.47198107553475666 98.180389031870078043 2000
9.4617883580208541616 315.1705422814876556 183.76859583704853662 2000
0 1611.5764756302417027 372.46788725111838403 2000
# Layered model 35428: value=0.0356696
3
4.1183225731678865245 268.78413967874729451 98.180389031870078043 2000
9.4617883580208541616 315.1705422814876556 183.76859583704853662 2000
0 1219.6983980095162678 376.19256612362960368 2000
