# 60000 /scratch/04709/vantaj94/Reports_2020-02-17/VS2_Tar5_LR20_Sd2.report
# Layered model 59227: value=0.0904005
7
0.95384633265064855401 189.73854069843031311 99.162192922188779676 2000
0.12901037297743145338 218.09955979018278072 100.1538148514106723 2000
3.252372708654410971 299.87395672524752399 101.15535299992477292 2000
8.3816474756661509815 334.55988150764369493 189.33696805950694397 2000
2.4331231100513583954 528.75812715712061163 195.07406752867808564 2000
20.130891693431976819 691.72607632350479889 376.19256612362960368 2000
0 895.96256858564538561 399.33598944653192575 2000
# Layered model 58474: value=0.0918181
7
0.73641511848151164354 199.41711316535813125 98.180389031870078043 2000
0.69435366511006957335 233.83224833003146159 100.1538148514106723 2000
2.819039484502224191 305.90142325542501567 101.15535299992477292 2000
6.595414732514520928 327.96773013199066327 180.14762850411580075 2000
5.0775792584066756774 404.18478730871169091 219.8143420209686667 2000
20.427135733619664393 803.07250023148708351 383.75403670271452938 2000
0 1082.4203983706943291 391.46749284043909256 2000
# Layered model 57704: value=0.0993407
7
0.90755205676662487058 203.4253971399818397 97.20830597214859381 2000
1.040192697820030876 248.21764346266547818 99.162192922188779676 2000
2.2599862039220628418 293.96525509778211926 101.15535299992477292 2000
7.0778515852685393028 337.90548032272010914 181.94910478915696217 2000
4.7964477378278953523 429.0502962945768104 217.63796239699868806 2000
17.822213171610034266 734.28116871356564843 379.95449178486586561 2000
0 827.40640006100136361 399.33598944653192575 2000
# Layered model 59660: value=0.0993894
7
0.82159503769561137432 236.17057081333183532 96.245847497176825414 2000
0.65252747080757855791 296.904907648759945 99.162192922188779676 2000
2.6919477474460355992 318.32224770430252647 100.1538148514106723 2000
4.3752600236865433203 337.90548032272010914 173.1183300976476005 2000
8.0280016015323028 404.18478730871169091 205.02480548652681591 2000
16.33779278746292718 678.09633989168196422 376.19256612362960368 2000
0 1137.6347171208453801 399.33598944653192575 2000
# Layered model 58034: value=0.10349
7
0.88086108502915638763 193.55228536646876591 98.180389031870078043 2000
0.38887356350275859018 203.4253971399818397 99.162192922188779676 2000
2.9379963099768033885 271.47198107553475666 101.15535299992477292 2000
6.5301135965490297863 344.69738047720676377 183.76859583704853662 2000
4.7166704449422525158 613.8717705289989226 200.98500684886460022 2000
19.826376693431974729 645.1854002986588057 343.96784478984136513 2000
0 678.09633989168196422 407.36264283440721101 2000
# Layered model 55752: value=0.109167
7
0.88966969587944799702 222.48336094196545787 97.20830597214859381 2000
0.30647777980721702118 260.87923789139995279 98.180389031870078043 2000
3.0961588750880784104 318.32224770430252647 100.1538148514106723 2000
5.6239129414441366706 362.28041112468793017 180.14762850411580075 2000
6.8188059077608720315 408.22663518179882658 207.07505354139206588 2000
23.417920564009840234 645.1854002986588057 383.75403670271452938 2000
0 913.97141621421690161 411.43626926275129563 2000
# Layered model 51156: value=0.112144
7
0.77397969056965099099 222.48336094196545787 97.20830597214859381 2000
0.48318332777877959217 253.20681809626509562 98.180389031870078043 2000
3.1214186900768856603 365.90321523593479469 100.1538148514106723 2000
7.1338410444818647349 384.56795657687092671 185.60628179541902227 2000
3.9420922470928196901 469.24599029824008767 189.33696805950694397 2000
20.535522616469961577 584.07792624874639387 343.96784478984136513 2000
0 811.10322523380193616 415.55063195537883303 2000
# Layered model 56044: value=0.113186
7
0.88086108502915638763 240.9175992866797742 97.20830597214859381 2000
0.62289128589494768828 296.904907648759945 98.180389031870078043 2000
2.7885539798506391307 324.72052488315904384 100.1538148514106723 2000
5.1426360565555997439 337.90548032272010914 180.14762850411580075 2000
6.970336682935073469 388.41363614263957516 205.02480548652681591 2000
17.498964362949770646 671.38251474423952914 387.59157706974167468 2000
0 861.00241780314240714 411.43626926275129563 2000
# Layered model 56271: value=0.117121
7
0.87213968814767961479 197.44268630233477779 97.20830597214859381 2000
0.2888292672223190527 215.94015820810176365 100.1538148514106723 2000
3.1313373954047447612 315.1705422814876556 101.15535299992477292 2000
6.1297397843428074182 344.69738047720676377 183.76859583704853662 2000
5.0324688648824498216 373.25786986217713093 202.99485691735324622 2000
16.168584999999996654 734.28116871356564843 365.12879840321380698 2000
0 779.45425679630238847 403.32934934099722568 2000
# Layered model 59584: value=0.11737
7
0.86350464173037588811 168.38332094576281861 98.180389031870078043 2000
0.23018063095398499929 187.85994128557456406 100.1538148514106723 2000
3.1140456858243572569 305.90142325542501567 102.16690652992402022 2000
5.4168537912089655961 308.96043748797927719 180.14762850411580075 2000
6.2982175092973182728 459.99999048940310331 211.23726211757403348 2000
15.387197740984996486 626.21059311663179869 376.19256612362960368 2000
0 734.28116871356564843 411.43626926275129563 2000
# Layered model 59060: value=0.117958
7
0.82159503769561137432 213.80213683970470129 98.180389031870078043 2000
0.595007718335657243 218.09955979018278072 99.162192922188779676 2000
2.7494674999179569141 222.48336094196545787 101.15535299992477292 2000
4.9913918908703376331 459.99999048940310331 185.60628179541902227 2000
6.1440378531804373807 550.22782743978950748 193.14264111750304664 2000
20.332200610366296445 626.21059311663179869 327.27360195757785277 2000
0 1458.9391598781519406 387.59157706974167468 2000
# Layered model 52970: value=0.122096
7
0.84649018893282612641 203.4253971399818397 98.180389031870078043 2000
0.55608679723674681039 226.95527649689896066 99.162192922188779676 2000
2.8472312819242326931 258.29627513999997745 101.15535299992477292 2000
4.2915220115419634439 334.55988150764369493 183.76859583704853662 2000
6.9131847203642315947 473.93845020122256528 198.99505628600454088 2000
17.452609668630998385 658.15362684466185783 347.40752323773978105 2000
0 684.87730329059877477 407.36264283440721101 2000
# Layered model 57804: value=0.123493
7
0.85495509082215437324 197.44268630233477779 98.180389031870078043 2000
0.18564891917784565045 205.45965111138164616 100.1538148514106723 2000
3.3379776984253162198 305.90142325542501567 101.15535299992477292 2000
6.2529475540080978746 324.72052488315904384 187.46234461337320454 2000
5.1336214890665878841 437.67420725009782245 198.99505628600454088 2000
15.857949248499995321 691.72607632350479889 379.95449178486586561 2000
0 764.0959286308228684 399.33598944653192575 2000
# Layered model 56844: value=0.131771
7
0.9166275773342911215 258.29627513999997745 97.20830597214859381 2000
0.79478289145005964755 327.96773013199066327 99.162192922188779676 2000
2.5808958819903926596 365.90321523593479469 100.1538148514106723 2000
7.4515160994658726779 459.99999048940310331 180.14762850411580075 2000
3.5576775497593846609 518.33950314392757264 185.60628179541902227 2000
29.052332291339009629 671.38251474423952914 330.54633797715365517 2000
0 727.01105813224319263 415.55063195537883303 2000
# Layered model 48447: value=0.136129
7
0.898566392838242467 209.58939009872042902 98.180389031870078043 2000
0.2975810828484225512 220.28055538808459346 99.162192922188779676 2000
3.2262200498229045564 318.32224770430252647 101.15535299992477292 2000
5.6931677744829087828 324.72052488315904384 187.46234461337320454 2000
5.8072669590225238778 455.44553513802287625 197.0248082039648807 2000
15.700297740984995087 664.73516311310845595 376.19256612362960368 2000
0 803.07250023148708351 403.32934934099722568 2000
# Layered model 57174: value=0.136592
7
0.73641511848151164354 175.2203589932777561 99.162192922188779676 2000
0.43616352644218692181 207.51424762249547484 100.1538148514106723 2000
2.9522433906695941808 238.5322765214651497 102.16690652992402022 2000
6.6130225194644554065 337.90548032272010914 185.60628179541902227 2000
5.3441857265474048688 450.93617340398304805 219.8143420209686667 2000
19.908007334864809224 779.45425679630238847 383.75403670271452938 2000
0 819.2142574861400135 387.59157706974167468 2000
# Layered model 56704: value=0.136936
7
0.79743204917360199779 218.09955979018278072 96.245847497176825414 2000
0.2962532235107588896 271.47198107553475666 100.1538148514106723 2000
3.241544141598129869 285.31978043094409259 101.15535299992477292 2000
8.5088162445656383426 341.28453512594728636 187.46234461337320454 2000
2.4574543411518714464 455.44553513802287625 207.07505354139206588 2000
16.008499999999997954 658.15362684466185783 387.59157706974167468 2000
0 749.04022020470824827 403.32934934099722568 2000
# Layered model 52981: value=0.137127
7
0.82159503769561137432 180.52971109113306625 99.162192922188779676 2000
0.51290883887162252996 224.70819455138510534 101.15535299992477292 2000
3.0007255377152572962 260.87923789139995279 103.18857559522325573 2000
4.9138073540052680244 321.5054701813455722 183.76859583704853662 2000
6.0524632317122417646 442.0509493225987967 205.02480548652681591 2000
18.941785887747339956 698.64333708673984802 361.51366178536022744 2000
0 1040.1847273014973325 395.38216776884348747 2000
# Layered model 58992: value=0.137364
7
0.9350517916387104389 197.44268630233477779 98.180389031870078043 2000
0.22591716373128822859 245.76004303234205395 99.162192922188779676 2000
3.0888393127238069624 308.96043748797927719 101.15535299992477292 2000
8.852402708497173478 376.99044856079888177 183.76859583704853662 2000
2.0477890234090221355 408.22663518179882658 209.1458040768060016 2000
19.78157593409106596 698.64333708673984802 354.39041445481836945 2000
0 878.30856640098556909 399.33598944653192575 2000
# Layered model 57382: value=0.137466
7
0.92579385310763406824 215.94015820810176365 97.20830597214859381 2000
0.39549711379061724958 229.22482926186793861 99.162192922188779676 2000
2.9710153838764918888 334.55988150764369493 101.15535299992477292 2000
6.2339602456939831043 351.62579782479866708 180.14762850411580075 2000
5.8790124937966901086 376.99044856079888177 209.1458040768060016 2000
20.308158282295593722 671.38251474423952914 387.59157706974167468 2000
0 827.40640006100136361 419.7061382749326981 2000
# Layered model 53878: value=0.13964
7
0.898566392838242467 250.69981989729214433 96.245847497176825414 2000
0.74606542900564087883 253.20681809626509562 99.162192922188779676 2000
2.7777357036656864508 388.41363614263957516 101.15535299992477292 2000
7.0900552273976114037 437.67420725009782245 183.76859583704853662 2000
3.789077247092819789 528.75812715712061163 185.60628179541902227 2000
25.658519973845780981 595.81789256634613139 337.19031937049442149 2000
0 913.97141621421690161 407.36264283440721101 2000
# Layered model 59662: value=0.140771
7
0.78171948747534747426 218.09955979018278072 98.180389031870078043 2000
2.0894948960798620519 271.47198107553475666 99.162192922188779676 2000
1.3785938845385961038 299.87395672524752399 104.22046135117548715 2000
4.2069543850109161198 455.44553513802287625 173.1183300976476005 2000
8.278262546875030381 584.07792624874639387 198.99505628600454088 2000
25.466124339093532569 626.21059311663179869 340.56222256419937366 2000
0 932.34224168012246992 407.36264283440721101 2000
# Layered model 36555: value=0.141012
7
0.77397969056965099099 189.73854069843031311 98.180389031870078043 2000
1.7488490027533556415 263.4880302703139705 99.162192922188779676 2000
1.7269795747707989975 331.24740743331057047 104.22046135117548715 2000
4.8169859366780398702 412.3089015336167904 176.59800853261032216 2000
7.6682309952079066306 483.46461305026713262 200.98500684886460022 2000
27.17966023698956235 632.47269904779807348 350.88159847011718284 2000
0 951.08232073789292826 407.36264283440721101 2000
# Layered model 55211: value=0.141066
7
0.898566392838242467 195.48780822013344505 96.245847497176825414 2000
0.16295375776275744517 224.70819455138510534 98.180389031870078043 2000
3.0633018849922928339 299.87395672524752399 100.1538148514106723 2000
5.7913972566255873531 362.28041112468793017 176.59800853261032216 2000
6.0065829667961221361 369.56224738829411081 205.02480548652681591 2000
17.313393656302309864 664.73516311310845595 383.75403670271452938 2000
0 691.72607632350479889 415.55063195537883303 2000
# Layered model 57850: value=0.143595
7
0.88966969587944799702 199.41711316535813125 98.180389031870078043 2000
0.31843925456408361807 211.68528399970762166 100.1538148514106723 2000
3.0416993176502740148 222.48336094196545787 101.15535299992477292 2000
5.5682306350932035954 488.29925918076975222 191.23033774010201569 2000
5.483461096812991542 503.09521503320638658 195.07406752867808564 2000
22.902650150770849535 626.21059311663179869 324.03326926492854909 2000
0 1374.3866840889882042 403.32934934099722568 2000
# Layered model 48622: value=0.14402
7
0.92579385310763406824 195.48780822013344505 97.20830597214859381 2000
0.094306146892365938506 209.58939009872042902 100.1538148514106723 2000
3.3151294142824907496 302.87269629249999525 102.16690652992402022 2000
8.0076460075104041181 321.5054701813455722 187.46234461337320454 2000
2.8071245782071052588 561.28740677132930159 197.0248082039648807 2000
19.093285887747342144 671.38251474423952914 383.75403670271452938 2000
0 764.0959286308228684 403.32934934099722568 2000
# Layered model 49441: value=0.144324
7
0.84649018893282612641 193.55228536646876591 99.162192922188779676 2000
1.0067221132724042398 220.28055538808459346 100.1538148514106723 2000
2.3965959658885749306 236.17057081333183532 101.15535299992477292 2000
4.2915220115419634439 429.0502962945768104 189.33696805950694397 2000
6.7601697203642316936 503.09521503320638658 197.0248082039648807 2000
21.779071746286621902 595.81789256634613139 330.54633797715365517 2000
0 1488.263836991702874 399.33598944653192575 2000
# Layered model 51776: value=0.144411
7
0.88966969587944799702 209.58939009872042902 97.20830597214859381 2000
0.85614012332746824985 211.68528399970762166 100.1538148514106723 2000
2.720781381557749512 324.72052488315904384 102.16690652992402022 2000
5.6489440992278128206 327.96773013199066327 189.33696805950694397 2000
5.6496154515075236446 442.0509493225987967 197.0248082039648807 2000
17.141973917130997052 658.15362684466185783 376.19256612362960368 2000
0 779.45425679630238847 399.33598944653192575 2000
# Layered model 59770: value=0.147097
7
0.84649018893282612641 193.55228536646876591 97.20830597214859381 2000
0.18381081106717378493 243.32677527954658103 100.1538148514106723 2000
3.3482807084253165542 302.87269629249999525 102.16690652992402022 2000
7.6012915730651355872 312.05004186285907508 189.33696805950694397 2000
3.1701267185095485246 578.29497648390736231 195.07406752867808564 2000
19.435718746624814912 691.72607632350479889 387.59157706974167468 2000
0 878.30856640098556909 395.38216776884348747 2000
# Layered model 55843: value=0.149225
7
0.75872923298661987257 197.44268630233477779 98.180389031870078043 2000
0.5237027620306141662 231.51707755448666148 100.1538148514106723 2000
3.0098743557575096119 268.78413967874729451 102.16690652992402022 2000
6.3392229116586706894 369.56224738829411081 183.76859583704853662 2000
5.2912729965815881172 388.41363614263957516 207.07505354139206588 2000
15.700297740984995087 741.62398040070127081 361.51366178536022744 2000
0 756.53062240675535577 399.33598944653192575 2000
# Layered model 52414: value=0.150764
7
0.83810909795329313621 187.85994128557456406 97.20830597214859381 2000
0.22341105264770677596 191.63592610541462591 98.180389031870078043 2000
3.2307862001737435165 318.32224770430252647 101.15535299992477292 2000
5.5257325524122657967 327.96773013199066327 185.60628179541902227 2000
5.3319610968129911299 416.4319905489529674 197.0248082039648807 2000
17.108724309999999491 620.0104882342889141 365.12879840321380698 2000
0 756.53062240675535577 419.7061382749326981 2000
# Layered model 54091: value=0.150836
7
0.84649018893282612641 215.94015820810176365 96.245847497176825414 2000
0.22564516317418370495 220.28055538808459346 99.162192922188779676 2000
3.0939349038422161442 291.05470801760606037 100.1538148514106723 2000
5.6519686472377834718 355.14205580304667365 176.59800853261032216 2000
5.9471118483129927768 376.99044856079888177 202.99485691735324622 2000
15.857949248499995321 645.1854002986588057 376.19256612362960368 2000
0 727.01105813224319263 419.7061382749326981 2000
# Layered model 58440: value=0.15088
7
0.79743204917360199779 243.32677527954658103 95.29291831403645574 2000
0.64764442225389506902 274.18670088629011161 100.1538148514106723 2000
2.8901529428549936895 279.69785357410455617 101.15535299992477292 2000
8.7669815623084872414 348.14435428197884903 189.33696805950694397 2000
2.8205912824240240155 450.93617340398304805 209.1458040768060016 2000
15.700297740984995087 671.38251474423952914 387.59157706974167468 2000
0 1019.6889788270731287 399.33598944653192575 2000
# Layered model 57134: value=0.151258
7
0.96338479597715509506 201.41128429701171854 98.180389031870078043 2000
0.23276267970950992314 266.12291057301712272 99.162192922188779676 2000
3.2704437250780005186 312.05004186285907508 102.16690652992402022 2000
9.8631039839362664168 358.69347636107715971 191.23033774010201569 2000
1.7523350969042201797 620.0104882342889141 202.99485691735324622 2000
17.822213171610034266 632.47269904779807348 383.75403670271452938 2000
0 734.28116871356564843 411.43626926275129563 2000
# Layered model 49165: value=0.151513
7
0.90755205676662487058 218.09955979018278072 95.29291831403645574 2000
0.19707006864457965456 226.95527649689896066 99.162192922188779676 2000
3.1451861426826011048 351.62579782479866708 100.1538148514106723 2000
8.3411589496771263441 384.56795657687092671 181.94910478915696217 2000
5.530667038882045361 493.18225177257750147 242.81178567906783883 2000
17.868403359816984022 626.21059311663179869 361.51366178536022744 2000
0 844.03726870222760681 407.36264283440721101 2000
# Layered model 54693: value=0.152355
7
0.85495509082215437324 176.97256258321053224 98.180389031870078043 2000
0.16514490917784563351 182.33500820204440629 99.162192922188779676 2000
3.1876309585087181375 324.72052488315904384 101.15535299992477292 2000
5.7084883337101617329 355.14205580304667365 180.14762850411580075 2000
5.8489314592811219029 388.41363614263957516 205.02480548652681591 2000
16.493573558499996068 620.0104882342889141 372.46788725111838403 2000
0 749.04022020470824827 411.43626926275129563 2000
# Layered model 45890: value=0.154489
7
0.88086108502915638763 199.41711316535813125 98.180389031870078043 2000
0.14943991497084352371 220.28055538808459346 99.162192922188779676 2000
3.2195072680938059406 293.96525509778211926 101.15535299992477292 2000
3.9582422463720847716 334.55988150764369493 180.14762850411580075 2000
6.9419494855341099537 408.22663518179882658 198.99505628600454088 2000
17.431311553100002243 664.73516311310845595 347.40752323773978105 2000
0 734.28116871356564843 407.36264283440721101 2000
# Layered model 59656: value=0.155331
7
0.86350464173037588811 191.63592610541462591 97.20830597214859381 2000
0.19801550887062402406 260.87923789139995279 98.180389031870078043 2000
3.0224620628577056891 315.1705422814876556 100.1538148514106723 2000
5.9313992716823626949 362.28041112468793017 174.84951339862408304 2000
6.0666487964640847252 369.56224738829411081 209.1458040768060016 2000
17.154165633712157302 664.73516311310845595 368.78008638724594448 2000
0 719.81292884380513897 419.7061382749326981 2000
# Layered model 49241: value=0.155682
7
0.83810909795329313621 205.45965111138164616 97.20830597214859381 2000
1.2089902141468398256 222.48336094196545787 100.1538148514106723 2000
2.2027089559936725571 263.4880302703139705 101.15535299992477292 2000
4.7272156970268328635 437.67420725009782245 187.46234461337320454 2000
6.477491034879362175 528.75812715712061163 191.23033774010201569 2000
21.626056746286622001 626.21059311663179869 337.19031937049442149 2000
0 741.62398040070127081 399.33598944653192575 2000
# Layered model 56994: value=0.15574
7
0.77397969056965099099 215.94015820810176365 97.20830597214859381 2000
0.50845230444758304778 240.9175992866797742 98.180389031870078043 2000
3.0098743557575096119 344.69738047720676377 100.1538148514106723 2000
4.865155796044819958 348.14435428197884903 181.94910478915696217 2000
6.9245681347855896348 388.41363614263957516 200.98500684886460022 2000
22.890023287196189727 664.73516311310845595 383.75403670271452938 2000
0 698.64333708673984802 419.7061382749326981 2000
# Layered model 57790: value=0.156015
7
0.85495509082215437324 238.5322765214651497 97.20830597214859381 2000
0.61916741768103555899 260.87923789139995279 99.162192922188779676 2000
2.733608450005528212 315.1705422814876556 100.1538148514106723 2000
5.5130996387061417252 358.69347636107715971 180.14762850411580075 2000
6.8485012839532117823 380.76035304640686263 209.1458040768060016 2000
18.362244052922992665 719.81292884380513897 379.95449178486586561 2000
0 861.00241780314240714 403.32934934099722568 2000
# Layered model 40246: value=0.156605
7
0.95384633265064855401 180.52971109113306625 98.180389031870078043 2000
0.19562788058697377913 203.4253971399818397 100.1538148514106723 2000
3.2291074951876939103 315.1705422814876556 102.16690652992402022 2000
3.994450621381338884 376.99044856079888177 187.46234461337320454 2000
7.3921184216933468747 459.99999048940310331 191.23033774010201569 2000
19.515740941931973396 607.79383220692966461 354.39041445481836945 2000
0 803.07250023148708351 399.33598944653192575 2000
# Layered model 56768: value=0.15695
7
0.898566392838242467 193.55228536646876591 99.162192922188779676 2000
0.1951188798461184204 201.41128429701171854 100.1538148514106723 2000
3.1986210780903823192 271.47198107553475666 102.16690652992402022 2000
8.2986608669961903217 373.25786986217713093 183.76859583704853662 2000
3.0180929322290683814 412.3089015336167904 219.8143420209686667 2000
16.649664159999996826 613.8717705289989226 365.12879840321380698 2000
0 719.81292884380513897 419.7061382749326981 2000
# Layered model 47951: value=0.158187
7
0.76631652531648608573 166.7161593522404246 98.180389031870078043 2000
0.50341812321542889208 224.70819455138510534 100.1538148514106723 2000
3.196856552232750559 392.29777250406596067 104.22046135117548715 2000
8.377454458083462896 561.28740677132930159 181.94910478915696217 2000
3.2379846227570237005 566.90028083904257983 209.1458040768060016 2000
24.070915482384439343 626.21059311663179869 324.03326926492854909 2000
0 779.45425679630238847 395.38216776884348747 2000
# Layered model 57252: value=0.158235
7
0.88086108502915638763 199.41711316535813125 96.245847497176825414 2000
0.41439522993824995378 222.48336094196545787 99.162192922188779676 2000
3.039973099315084859 260.87923789139995279 103.18857559522325573 2000
8.2557378034884418838 469.24599029824008767 185.60628179541902227 2000
3.1741835337290691399 572.56928364743305337 209.1458040768060016 2000
26.435998787573282698 651.63725430164538466 330.54633797715365517 2000
0 1281.915274398871361 407.36264283440721101 2000
# Layered model 57227: value=0.158437
7
0.82159503769561137432 205.45965111138164616 97.20830597214859381 2000
1.2875334306604679924 220.28055538808459346 99.162192922188779676 2000
2.183177882418664062 296.904907648759945 100.1538148514106723 2000
5.2369854806289035665 442.0509493225987967 187.46234461337320454 2000
6.235858920096355007 478.67783470323479378 193.14264111750304664 2000
21.315420994786620668 595.81789256634613139 340.56222256419937366 2000
0 1071.7033647234597993 403.32934934099722568 2000
# Layered model 54203: value=0.158593
7
0.79743204917360199779 199.41711316535813125 98.180389031870078043 2000
0.48499994584363204098 243.32677527954658103 100.1538148514106723 2000
2.9673762730765718132 248.21764346266547818 101.15535299992477292 2000
6.2764583283749209031 315.1705422814876556 185.60628179541902227 2000
5.3965356625462757023 420.5963104544425164 224.23261029559012059 2000
16.335922050984997611 756.53062240675535577 391.46749284043909256 2000
0 970.1990753847248925 395.38216776884348747 2000
# Layered model 57281: value=0.159007
7
0.90755205676662487058 195.48780822013344505 98.180389031870078043 2000
0.31263798318134217169 274.18670088629011161 100.1538148514106723 2000
3.0296182281458383656 288.17297823525353806 101.15535299992477292 2000
5.2794835633098413652 324.72052488315904384 180.14762850411580075 2000
5.9252231685963536734 424.8022735589869967 207.07505354139206588 2000
18.11404287447048489 734.28116871356564843 357.93431859936657702 2000
0 979.90106613857187767 403.32934934099722568 2000
# Layered model 58392: value=0.159286
7
0.898566392838242467 248.21764346266547818 97.20830597214859381 2000
0.35859662551018811616 268.78413967874729451 98.180389031870078043 2000
2.9505679401602877832 291.05470801760606037 100.1538148514106723 2000
5.610307944678290859 355.14205580304667365 176.59800853261032216 2000
6.4248116812341962145 369.56224738829411081 207.07505354139206588 2000
22.729202984380137309 658.15362684466185783 391.46749284043909256 2000
0 795.12128735790793144 419.7061382749326981 2000
# Layered model 56125: value=0.159517
7
0.72912387968466496613 207.51424762249547484 95.29291831403645574 2000
0.57908499843241545424 213.80213683970470129 100.1538148514106723 2000
2.9415993899767252096 293.96525509778211926 102.16690652992402022 2000
3.33018867130275531 362.28041112468793017 176.59800853261032216 2000
8.185153812103440174 424.8022735589869967 197.0248082039648807 2000
16.493573558499996068 651.63725430164538466 347.40752323773978105 2000
0 741.62398040070127081 395.38216776884348747 2000
# Layered model 57392: value=0.15964
7
0.898566392838242467 222.48336094196545787 98.180389031870078043 2000
0.69769705041172358495 236.17057081333183532 100.1538148514106723 2000
2.5698068126992597016 293.96525509778211926 101.15535299992477292 2000
6.0506203970431773342 302.87269629249999525 178.36398861793642823 2000
6.0261599314288023521 508.12616718353837086 219.8143420209686667 2000
16.993345330896104883 651.63725430164538466 379.95449178486586561 2000
0 1281.915274398871361 403.32934934099722568 2000
# Layered model 50937: value=0.159907
7
0.90755205676662487058 191.63592610541462591 98.180389031870078043 2000
0.13305195323337515312 268.78413967874729451 100.1538148514106723 2000
3.2092042580938056062 321.5054701813455722 101.15535299992477292 2000
7.0357742756834520392 324.72052488315904384 178.36398861793642823 2000
3.8644174562227426861 404.18478730871169091 215.4831310861373197 2000
17.431311553100002243 705.62977045760726469 361.51366178536022744 2000
0 803.07250023148708351 407.36264283440721101 2000
# Layered model 58063: value=0.160605
7
0.87213968814767961479 211.68528399970762166 95.29291831403645574 2000
0.14796031185232039196 224.70819455138510534 99.162192922188779676 2000
3.1459702559492255247 337.90548032272010914 100.1538148514106723 2000
6.3601963405195007795 344.69738047720676377 174.84951339862408304 2000
5.3965356625462757023 365.90321523593479469 215.4831310861373197 2000
16.984322409615998595 658.15362684466185783 379.95449178486586561 2000
0 734.28116871356564843 419.7061382749326981 2000
# Layered model 56336: value=0.160781
7
0.86350464173037588811 195.48780822013344505 98.180389031870078043 2000
0.52518544358603291844 266.12291057301712272 99.162192922188779676 2000
2.8190408731923097818 299.87395672524752399 101.15535299992477292 2000
4.7692930066119201271 365.90321523593479469 181.94910478915696217 2000
6.7881267863793635087 469.24599029824008767 195.07406752867808564 2000
16.81616080159999882 589.91870551123383848 340.56222256419937366 2000
0 727.01105813224319263 411.43626926275129563 2000
# Layered model 45786: value=0.160812
7
0.84649018893282612641 207.51424762249547484 97.20830597214859381 2000
0.16350981106717388247 213.80213683970470129 99.162192922188779676 2000
3.2398082680938058431 285.31978043094409259 100.1538148514106723 2000
5.6664110241250744693 324.72052488315904384 183.76859583704853662 2000
5.3852807077811206682 396.2207502291066703 202.99485691735324622 2000
17.279811553100000054 632.47269904779807348 376.19256612362960368 2000
0 827.40640006100136361 423.90319965768196653 2000
# Layered model 41972: value=0.161042
7
0.898566392838242467 178.74228820904264126 97.20830597214859381 2000
0.12153360716175753975 238.5322765214651497 99.162192922188779676 2000
3.1459702559492255247 315.1705422814876556 101.15535299992477292 2000
7.577752194291390353 351.62579782479866708 178.36398861793642823 2000
3.4061775497593842488 376.99044856079888177 219.8143420209686667 2000
18.086195915317311744 651.63725430164538466 368.78008638724594448 2000
0 827.40640006100136361 407.36264283440721101 2000
# Layered model 39132: value=0.161055
7
0.97301864393692660826 199.41711316535813125 96.245847497176825414 2000
0.22312883174973840994 236.17057081333183532 99.162192922188779676 2000
3.1824342327386512252 243.32677527954658103 103.18857559522325573 2000
8.8546513779315709769 544.78002716810840411 187.46234461337320454 2000
2.5319176651431138936 561.28740677132930159 205.02480548652681591 2000
27.284241893308660565 651.63725430164538466 330.54633797715365517 2000
0 1347.3058367699129576 403.32934934099722568 2000
# Layered model 53219: value=0.161896
7
0.898566392838242467 207.51424762249547484 99.162192922188779676 2000
0.21710195382707409006 233.83224833003146159 100.1538148514106723 2000
3.1766380041094270936 308.96043748797927719 101.15535299992477292 2000
7.8073656635306134532 337.90548032272010914 183.76859583704853662 2000
3.2018279856946438855 388.41363614263957516 219.8143420209686667 2000
16.637830999999998483 684.87730329059877477 365.12879840321380698 2000
0 811.10322523380193616 407.36264283440721101 2000
# Layered model 53824: value=0.162218
7
0.78171948747534747426 245.76004303234205395 97.20830597214859381 2000
0.34510554265662229945 253.20681809626509562 98.180389031870078043 2000
3.0809059283767483706 348.14435428197884903 100.1538148514106723 2000
5.8076505266323499299 380.76035304640686263 174.84951339862408304 2000
7.0560177213582750966 388.41363614263957516 211.23726211757403348 2000
20.009172539787279277 678.09633989168196422 376.19256612362960368 2000
0 852.47764138925003863 419.7061382749326981 2000
# Layered model 56327: value=0.162499
7
0.9350517916387104389 201.41128429701171854 98.180389031870078043 2000
0.10555221836128958479 266.12291057301712272 100.1538148514106723 2000
3.3817635155095695509 308.96043748797927719 101.15535299992477292 2000
5.6931677744829087828 324.72052488315904384 191.23033774010201569 2000
6.2897437902729382841 450.93617340398304805 202.99485691735324622 2000
18.180439656359396849 638.79742603827605762 383.75403670271452938 2000
0 741.62398040070127081 415.55063195537883303 2000
# Layered model 59209: value=0.162711
7
0.80540636966533807328 209.58939009872042902 97.20830597214859381 2000
0.68345736392288369832 224.70819455138510534 99.162192922188779676 2000
2.5951184798704840517 238.5322765214651497 101.15535299992477292 2000
4.2061488061518446102 348.14435428197884903 181.94910478915696217 2000
7.0113689803894505559 464.5999903942971514 195.07406752867808564 2000
22.902650150770849535 601.77607149200957792 357.93431859936657702 2000
0 727.01105813224319263 411.43626926275129563 2000
# Layered model 59201: value=0.162856
7
0.78953668235010099341 207.51424762249547484 97.20830597214859381 2000
0.39476774902283462421 231.51707755448666148 98.180389031870078043 2000
3.0655038367208700123 324.72052488315904384 100.1538148514106723 2000
6.9240358346559540692 404.18478730871169091 180.14762850411580075 2000
4.4352160472502415445 459.99999048940310331 195.07406752867808564 2000
21.471511596286621426 589.91870551123383848 350.88159847011718284 2000
0 719.81292884380513897 423.90319965768196653 2000
# Layered model 46638: value=0.163529
7
0.86350464173037588811 238.5322765214651497 97.20830597214859381 2000
0.5815718296971211787 245.76004303234205395 98.180389031870078043 2000
2.8047317966663083411 341.28453512594728636 100.1538148514106723 2000
5.3747764816238783325 358.69347636107715971 180.14762850411580075 2000
6.9447471314503879114 380.76035304640686263 207.07505354139206588 2000
20.14410549139293849 645.1854002986588057 383.75403670271452938 2000
0 795.12128735790793144 415.55063195537883303 2000
# Layered model 51649: value=0.164026
7
0.9350517916387104389 173.4855039537403627 98.180389031870078043 2000
0.15863348104565044849 178.74228820904264126 100.1538148514106723 2000
3.1561229954094445205 266.12291057301712272 101.15535299992477292 2000
3.2551391966552642998 396.2207502291066703 187.46234461337320454 2000
7.9495675352509307388 450.93617340398304805 191.23033774010201569 2000
22.749635150770849634 651.63725430164538466 343.96784478984136513 2000
0 844.03726870222760681 399.33598944653192575 2000
# Layered model 52327: value=0.164283
7
0.9350517916387104389 199.41711316535813125 98.180389031870078043 2000
0.12646835896228947327 268.78413967874729451 99.162192922188779676 2000
3.2737092636814910662 282.49483210984561765 101.15535299992477292 2000
8.7669815623084872414 362.28041112468793017 185.60628179541902227 2000
2.3523040234090224487 442.0509493225987967 207.07505354139206588 2000
17.126796553100000153 671.38251474423952914 365.12879840321380698 2000
0 771.73688791713107094 407.36264283440721101 2000
# Layered model 55523: value=0.16621
7
0.83810909795329313621 205.45965111138164616 98.180389031870078043 2000
0.34619533341964248141 220.28055538808459346 99.162192922188779676 2000
3.1509249829095553608 288.17297823525353806 101.15535299992477292 2000
6.0868167208350598685 358.69347636107715971 181.94910478915696217 2000
5.0324688648824498216 369.56224738829411081 205.02480548652681591 2000
16.484815999999998581 645.1854002986588057 372.46788725111838403 2000
0 756.53062240675535577 407.36264283440721101 2000
# Layered model 58600: value=0.167251
7
0.72190483137095540211 191.63592610541462591 99.162192922188779676 2000
0.33961531923004451006 207.51424762249547484 100.1538148514106723 2000
3.2307862001737435165 285.31978043094409259 101.15535299992477292 2000
8.8099046258162339029 376.99044856079888177 187.46234461337320454 2000
2.8205912824240240155 384.56795657687092671 209.1458040768060016 2000
24.230143504974591906 1149.0110642920537884 361.51366178536022744 2000
0 1986.0938598202526464 379.95449178486586561 2000
# Layered model 58023: value=0.167532
7
0.77397969056965099099 197.44268630233477779 97.20830597214859381 2000
2.0127927026971801361 260.87923789139995279 99.162192922188779676 2000
1.3792978626823946264 331.24740743331057047 103.18857559522325573 2000
3.643608170707990368 334.55988150764369493 169.7072150746471948 2000
9.2617207798421272713 518.33950314392757264 205.02480548652681591 2000
27.725971407753057463 671.38251474423952914 350.88159847011718284 2000
0 852.47764138925003863 399.33598944653192575 2000
# Layered model 58235: value=0.167552
7
0.88086108502915638763 185.99994186690551601 97.20830597214859381 2000
0.42734779308792403274 229.22482926186793861 99.162192922188779676 2000
2.9415993899767252096 324.72052488315904384 101.15535299992477292 2000
7.4940141821468104766 376.99044856079888177 183.76859583704853662 2000
3.710692549759384562 513.20742885537379152 202.99485691735324622 2000
21.996862463749486949 671.38251474423952914 340.56222256419937366 2000
0 705.62977045760726469 411.43626926275129563 2000
# Layered model 54222: value=0.168
7
0.82159503769561137432 215.94015820810176365 98.180389031870078043 2000
1.9651773555712197528 231.51707755448666148 100.1538148514106723 2000
1.5918093151584851164 341.28453512594728636 101.15535299992477292 2000
6.3592628466324319092 380.76035304640686263 189.33696805950694397 2000
4.7166704449422525158 578.29497648390736231 193.14264111750304664 2000
23.131676652278557071 607.79383220692966461 340.56222256419937366 2000
0 741.62398040070127081 403.32934934099722568 2000
# Layered model 52699: value=0.168444
7
0.898566392838242467 203.4253971399818397 98.180389031870078043 2000
0.12153360716175753975 215.94015820810176365 100.1538148514106723 2000
3.3151294142824907496 299.87395672524752399 102.16690652992402022 2000
5.6801520708585773178 318.32224770430252647 185.60628179541902227 2000
5.7497692663589337059 488.29925918076975222 200.98500684886460022 2000
19.166425182591062537 638.79742603827605762 365.12879840321380698 2000
0 734.28116871356564843 411.43626926275129563 2000
# Layered model 57089: value=0.168621
7
0.88086108502915638763 211.68528399970762166 98.180389031870078043 2000
0.17014896507084353861 255.73888627722772071 99.162192922188779676 2000
3.2842193641824910522 321.5054701813455722 100.1538148514106723 2000
9.163991657110171829 396.2207502291066703 187.46234461337320454 2000
2.4235811876223394279 459.99999048940310331 205.02480548652681591 2000
20.427135733619664393 712.68606816218334643 354.39041445481836945 2000
0 749.04022020470824827 399.33598944653192575 2000
# Layered model 56291: value=0.168751
7
0.79743204917360199779 248.21764346266547818 97.20830597214859381 2000
0.76737869805702829673 253.20681809626509562 98.180389031870078043 2000
2.9017804535340352423 327.96773013199066327 101.15535299992477292 2000
7.1609557796715881395 337.90548032272010914 185.60628179541902227 2000
4.1376037710637483258 550.22782743978950748 202.99485691735324622 2000
24.387795012489590363 638.79742603827605762 357.93431859936657702 2000
0 787.24879936426543736 419.7061382749326981 2000
# Layered model 50786: value=0.16887
7
0.74377926966632679218 191.63592610541462591 95.29291831403645574 2000
0.48861267068112002043 240.9175992866797742 98.180389031870078043 2000
3.059914410427296616 266.12291057301712272 103.18857559522325573 2000
3.5954688601490447653 308.96043748797927719 178.36398861793642823 2000
8.5175038793416284477 513.20742885537379152 207.07505354139206588 2000
18.526296843825647898 645.1854002986588057 350.88159847011718284 2000
0 719.81292884380513897 399.33598944653192575 2000
# Layered model 54732: value=0.169704
7
0.82159503769561137432 209.58939009872042902 98.180389031870078043 2000
0.65252747080757855791 218.09955979018278072 99.162192922188779676 2000
2.9044591999221260892 312.05004186285907508 101.15535299992477292 2000
6.2529475540080978746 341.28453512594728636 189.33696805950694397 2000
5.2912729965815881172 498.1140742903033356 193.14264111750304664 2000
16.984322409615998595 626.21059311663179869 361.51366178536022744 2000
0 811.10322523380193616 403.32934934099722568 2000
# Layered model 57440: value=0.170151
7
0.898566392838242467 199.41711316535813125 98.180389031870078043 2000
0.5322023907533387499 238.5322765214651497 99.162192922188779676 2000
2.9478129248337348045 296.904907648759945 101.15535299992477292 2000
6.0434644266922346034 351.62579782479866708 189.33696805950694397 2000
5.5007561238974513884 450.93617340398304805 195.07406752867808564 2000
16.658509294085000363 626.21059311663179869 379.95449178486586561 2000
0 835.68046406161136019 395.38216776884348747 2000
# Layered model 50505: value=0.170342
7
0.86350464173037588811 197.44268630233477779 98.180389031870078043 2000
0.65528525290296923966 226.95527649689896066 99.162192922188779676 2000
2.6889410638753732385 288.17297823525353806 101.15535299992477292 2000
6.6374920420996081916 324.72052488315904384 178.36398861793642823 2000
5.0775792584066756774 473.93845020122256528 219.8143420209686667 2000
17.313393656302309864 638.79742603827605762 383.75403670271452938 2000
0 941.66566409692381967 403.32934934099722568 2000
# Layered model 56777: value=0.170496
7
0.86350464173037588811 222.48336094196545787 95.29291831403645574 2000
0.48434427360253040629 271.47198107553475666 98.180389031870078043 2000
3.0745186101766632802 285.31978043094409259 102.16690652992402022 2000
6.5313077051048402666 369.56224738829411081 187.46234461337320454 2000
4.8114755208855921609 513.20742885537379152 197.0248082039648807 2000
21.315420994786620668 607.79383220692966461 343.96784478984136513 2000
0 923.11113037635902856 411.43626926275129563 2000
# Layered model 59266: value=0.170649
7
0.94440230955509751887 180.52971109113306625 97.20830597214859381 2000
0.096201700444902504827 197.44268630233477779 99.162192922188779676 2000
3.1254662459492257298 327.96773013199066327 101.15535299992477292 2000
6.8971417269713288789 365.90321523593479469 180.14762850411580075 2000
4.7019387685794473697 388.41363614263957516 207.07505354139206588 2000
17.141973917130997052 626.21059311663179869 361.51366178536022744 2000
0 691.72607632350479889 415.55063195537883303 2000
# Layered model 53889: value=0.171111
7
0.97301864393692660826 195.48780822013344505 97.20830597214859381 2000
0.19956000098677195709 197.44268630233477779 100.1538148514106723 2000
3.2497888805858710093 293.96525509778211926 102.16690652992402022 2000
9.7654494890458085621 341.28453512594728636 191.23033774010201569 2000
1.4212431354446231069 508.12616718353837086 209.1458040768060016 2000
17.29806451863099781 684.87730329059877477 387.59157706974167468 2000
0 764.0959286308228684 411.43626926275129563 2000
# Layered model 56329: value=0.171241
7
0.85495509082215437324 236.17057081333183532 97.20830597214859381 2000
0.40220792752627620992 268.78413967874729451 98.180389031870078043 2000
3.1214186900768856603 392.29777250406596067 99.162192922188779676 2000
7.2489652720109374329 408.22663518179882658 183.76859583704853662 2000
3.522453019563746679 498.1140742903033356 191.23033774010201569 2000
19.78157593409106596 607.79383220692966461 324.03326926492854909 2000
0 827.40640006100136361 407.36264283440721101 2000
# Layered model 54730: value=0.171265
7
0.86350464173037588811 171.76782569677263268 100.1538148514106723 2000
0.4317516732370304533 189.73854069843031311 102.16690652992402022 2000
3.2160007978049058863 324.72052488315904384 104.22046135117548715 2000
5.0180347186313349894 348.14435428197884903 187.46234461337320454 2000
6.0797683185963542485 455.44553513802287625 195.07406752867808564 2000
18.295183303215186044 684.87730329059877477 357.93431859936657702 2000
0 1207.6221762470458998 383.75403670271452938 2000
# Layered model 48374: value=0.171982
7
0.81346043336199147511 224.70819455138510534 93.415271359706366638 2000
0.44370258498643910805 238.5322765214651497 99.162192922188779676 2000
2.9926452497453750468 258.29627513999997745 101.15535299992477292 2000
4.3769353143383211702 321.5054701813455722 183.76859583704853662 2000
6.5232564175678735552 396.2207502291066703 198.99505628600454088 2000
16.159999999999996589 632.47269904779807348 376.19256612362960368 2000
0 979.90106613857187767 411.43626926275129563 2000
# Layered model 43164: value=0.172115
7
0.87213968814767961479 243.32677527954658103 96.245847497176825414 2000
0.4757092271852266796 253.20681809626509562 98.180389031870078043 2000
3.1187422854317592424 318.32224770430252647 101.15535299992477292 2000
6.931847168450365082 400.18295773139772109 187.46234461337320454 2000
4.3667123822849713832 483.46461305026713262 191.23033774010201569 2000
22.438999399270848301 578.29497648390736231 347.40752323773978105 2000
0 827.40640006100136361 411.43626926275129563 2000
# Layered model 59845: value=0.173437
7
0.80540636966533807328 209.58939009872042902 95.29291831403645574 2000
0.36717227525836049207 240.9175992866797742 99.162192922188779676 2000
2.9522433906695941808 285.31978043094409259 100.1538148514106723 2000
5.6932168675937164792 344.69738047720676377 178.36398861793642823 2000
5.7910212468129920182 384.56795657687092671 202.99485691735324622 2000
17.959497724470484314 632.47269904779807348 379.95449178486586561 2000
0 691.72607632350479889 411.43626926275129563 2000
# Layered model 48247: value=0.173478
7
0.96338479597715509506 231.51707755448666148 95.29291831403645574 2000
0.66496354248213540572 248.21764346266547818 99.162192922188779676 2000
2.7940191870502788518 318.32224770430252647 102.16690652992402022 2000
5.2022172242081143878 334.55988150764369493 181.94910478915696217 2000
6.1405660017823180397 437.67420725009782245 202.99485691735324622 2000
19.515740941931973396 651.63725430164538466 361.51366178536022744 2000
0 705.62977045760726469 419.7061382749326981 2000
# Layered model 53893: value=0.17415
7
0.79743204917360199779 211.68528399970762166 98.180389031870078043 2000
0.64764442225389506902 238.5322765214651497 100.1538148514106723 2000
3.021514729337168248 305.90142325542501567 102.16690652992402022 2000
7.9997129752461590968 341.28453512594728636 189.33696805950694397 2000
2.8351958239891761338 478.67783470323479378 193.14264111750304664 2000
16.008499999999997954 664.73516311310845595 379.95449178486586561 2000
0 764.0959286308228684 407.36264283440721101 2000
# Layered model 59642: value=0.174596
7
0.82981098807256747918 207.51424762249547484 98.180389031870078043 2000
0.31966322516505485396 209.58939009872042902 100.1538148514106723 2000
3.0582567452710960332 288.17297823525353806 101.15535299992477292 2000
6.5301135965490297863 331.24740743331057047 183.76859583704853662 2000
4.4121554449422522026 416.4319905489529674 202.99485691735324622 2000
16.159999999999996589 684.87730329059877477 376.19256612362960368 2000
0 923.11113037635902856 399.33598944653192575 2000
# Layered model 54347: value=0.174712
7
0.84649018893282612641 213.80213683970470129 96.245847497176825414 2000
0.17360981106717388034 240.9175992866797742 99.162192922188779676 2000
3.2297082680938054011 276.92856789515303717 100.1538148514106723 2000
5.3747764816238783325 308.96043748797927719 187.46234461337320454 2000
5.6769152502823168049 424.8022735589869967 200.98500684886460022 2000
16.008499999999997954 645.1854002986588057 372.46788725111838403 2000
0 852.47764138925003863 411.43626926275129563 2000
# Layered model 50131: value=0.174805
7
0.84649018893282612641 211.68528399970762166 98.180389031870078043 2000
0.30298402430479620673 231.51707755448666148 100.1538148514106723 2000
2.975347822355670413 305.90142325542501567 101.15535299992477292 2000
3.4551749038032681938 331.24740743331057047 171.40428722539365936 2000
8.0290632106034394155 442.0509493225987967 195.07406752867808564 2000
19.671831543431974154 651.63725430164538466 343.96784478984136513 2000
0 861.00241780314240714 407.36264283440721101 2000
# Layered model 48824: value=0.17497
7
0.98274883037629590099 201.41128429701171854 98.180389031870078043 2000
0.15534445005699359932 209.58939009872042902 99.162192922188779676 2000
3.3731638323390225054 274.18670088629011161 102.16690652992402022 2000
7.9550470632385126279 331.24740743331057047 195.07406752867808564 2000
2.8351958239891761338 584.07792624874639387 202.99485691735324622 2000
17.279811553100000054 651.63725430164538466 376.19256612362960368 2000
0 734.28116871356564843 411.43626926275129563 2000
# Layered model 55019: value=0.175473
7
0.73641511848151164354 197.44268630233477779 95.29291831403645574 2000
0.99210945499068270426 201.41128429701171854 100.1538148514106723 2000
2.4375456824770314057 285.31978043094409259 102.16690652992402022 2000
5.6519686472377834718 493.18225177257750147 181.94910478915696217 2000
5.6364760968129914431 523.52289817536689043 191.23033774010201569 2000
25.50550497384578108 651.63725430164538466 330.54633797715365517 2000
0 904.92219427150200772 403.32934934099722568 2000
# Layered model 52712: value=0.175629
7
0.9350517916387104389 201.41128429701171854 97.20830597214859381 2000
0.39945208492852346538 222.48336094196545787 100.1538148514106723 2000
3.1320873241974318546 305.90142325542501567 103.18857559522325573 2000
4.074739078871103537 321.5054701813455722 189.33696805950694397 2000
6.9131847203642315947 566.90028083904257983 193.14264111750304664 2000
20.179185610366296544 779.45425679630238847 340.56222256419937366 2000
0 970.1990753847248925 383.75403670271452938 2000
# Layered model 52667: value=0.175717
7
0.898566392838242467 203.4253971399818397 97.20830597214859381 2000
0.20605573257296205814 253.20681809626509562 100.1538148514106723 2000
3.3177454000983650495 315.1705422814876556 102.16690652992402022 2000
8.1685996922613632876 334.55988150764369493 187.46234461337320454 2000
2.7105327822290679052 539.38616551297866408 198.99505628600454088 2000
16.008499999999997954 658.15362684466185783 379.95449178486586561 2000
0 771.73688791713107094 407.36264283440721101 2000
# Layered model 58555: value=0.176483
7
0.85495509082215437324 193.55228536646876591 98.180389031870078043 2000
0.19605495927784555299 213.80213683970470129 99.162192922188779676 2000
3.1567209084087184401 305.90142325542501567 100.1538148514106723 2000
5.5130996387061417252 331.24740743331057047 183.76859583704853662 2000
5.5806694027851406759 365.90321523593479469 202.99485691735324622 2000
16.008499999999997954 658.15362684466185783 387.59157706974167468 2000
0 734.28116871356564843 419.7061382749326981 2000
# Layered model 55154: value=0.176563
7
0.88086108502915638763 191.63592610541462591 96.245847497176825414 2000
0.22376104038204813751 199.41711316535813125 98.180389031870078043 2000
3.1031088330975138412 293.96525509778211926 101.15535299992477292 2000
4.0003195559571720352 324.72052488315904384 176.59800853261032216 2000
7.0934494855341103658 424.8022735589869967 198.99505628600454088 2000
19.284218746624812724 691.72607632350479889 350.88159847011718284 2000
0 734.28116871356564843 411.43626926275129563 2000
# Layered model 59968: value=0.176784
7
0.9166275773342911215 205.45965111138164616 97.20830597214859381 2000
0.24434137803570754599 220.28055538808459346 100.1538148514106723 2000
3.2613985701395709071 308.96043748797927719 101.15535299992477292 2000
5.5930139596314987216 334.55988150764369493 187.46234461337320454 2000
5.2861185148589324712 459.99999048940310331 191.23033774010201569 2000
16.637830999999998483 638.79742603827605762 368.78008638724594448 2000
0 727.01105813224319263 399.33598944653192575 2000
# Layered model 54473: value=0.176876
7
0.85495509082215437324 166.7161593522404246 99.162192922188779676 2000
0.35315385962137724185 187.85994128557456406 101.15535299992477292 2000
3.2142585750660379595 348.14435428197884903 104.22046135117548715 2000
5.7943231274828335131 455.44553513802287625 181.94910478915696217 2000
5.3923694970075981558 651.63725430164538466 189.33696805950694397 2000
29.636284170394926463 705.62977045760726469 330.54633797715365517 2000
0 970.1990753847248925 411.43626926275129563 2000
# Layered model 47427: value=0.177893
7
0.87213968814767961479 229.22482926186793861 96.245847497176825414 2000
0.23248243726352491034 236.17057081333183532 99.162192922188779676 2000
3.2739595830141117183 296.904907648759945 101.15535299992477292 2000
2.9784886422746836843 315.1705422814876556 185.60628179541902227 2000
8.0974446493000016289 412.3089015336167904 197.0248082039648807 2000
18.449728453215186619 741.62398040070127081 347.40752323773978105 2000
0 787.24879936426543736 399.33598944653192575 2000
# Layered model 56063: value=0.178014
7
0.83810909795329313621 236.17057081333183532 97.20830597214859381 2000
0.5644678882162798006 253.20681809626509562 99.162192922188779676 2000
2.8897293646051704918 299.87395672524752399 100.1538148514106723 2000
4.4207046674817052079 341.28453512594728636 178.36398861793642823 2000
7.8563208629116232373 416.4319905489529674 207.07505354139206588 2000
20.511239865118550796 651.63725430164538466 379.95449178486586561 2000
0 756.53062240675535577 419.7061382749326981 2000
