# 60000 /scratch/04709/vantaj94/Reports_2020-02-17/VS2_Tar5_LR30_Sd1.report
# Layered model 55817: value=0.0573968
5
0.67333366999999999525 178.74228820904264126 99.162192922188779676 2000
3.2744157827336461963 182.33500820204440629 101.15535299992477292 2000
0.29833114967035356813 348.14435428197884903 164.71615098369039742 2000
9.4170500488960016128 351.62579782479866708 205.02480548652681591 2000
0 1137.6347171208453801 372.46788725111838403 2000
# Layered model 56361: value=0.0573979
5
0.67333366999999999525 178.74228820904264126 99.162192922188779676 2000
3.2744157827336461963 182.33500820204440629 101.15535299992477292 2000
0.34079195569439324487 348.14435428197884903 168.0269456184625767 2000
9.3745892428719628242 351.62579782479866708 205.02480548652681591 2000
0 1137.6347171208453801 372.46788725111838403 2000
# Layered model 56209: value=0.0574141
5
0.67333366999999999525 178.74228820904264126 99.162192922188779676 2000
3.2744157827336461963 182.33500820204440629 101.15535299992477292 2000
0.25629074766635362437 348.14435428197884903 158.28898351419036317 2000
9.4590904509000015565 351.62579782479866708 205.02480548652681591 2000
0 1137.6347171208453801 372.46788725111838403 2000
# Layered model 56301: value=0.0574223
5
0.67333366999999999525 178.74228820904264126 99.162192922188779676 2000
3.2744157827336461963 182.33500820204440629 101.15535299992477292 2000
0.25629074766635362437 348.14435428197884903 159.87187334933227589 2000
9.4590904509000015565 351.62579782479866708 205.02480548652681591 2000
0 1137.6347171208453801 372.46788725111838403 2000
# Layered model 56121: value=0.0574255
5
0.67333366999999999525 178.74228820904264126 99.162192922188779676 2000
3.2744157827336461963 182.33500820204440629 101.15535299992477292 2000
0.38367736977867394899 348.14435428197884903 171.40428722539365936 2000
9.3317038287876812319 351.62579782479866708 205.02480548652681591 2000
0 1137.6347171208453801 372.46788725111838403 2000
# Layered model 56295: value=0.0574352
5
0.67333366999999999525 178.74228820904264126 99.162192922188779676 2000
3.2744157827336461963 182.33500820204440629 101.15535299992477292 2000
0.29833114967035356813 348.14435428197884903 163.08529800365386109 2000
9.4170500488960016128 351.62579782479866708 205.02480548652681591 2000
0 1137.6347171208453801 372.46788725111838403 2000
# Layered model 55328: value=0.0574526
5
0.67333366999999999525 178.74228820904264126 99.162192922188779676 2000
3.2744157827336461963 182.33500820204440629 101.15535299992477292 2000
0.42699163800379746903 348.14435428197884903 174.84951339862408304 2000
9.2883895605625568237 351.62579782479866708 205.02480548652681591 2000
0 1137.6347171208453801 372.46788725111838403 2000
# Layered model 56417: value=0.057475
5
0.67333366999999999525 178.74228820904264126 99.162192922188779676 2000
3.2744157827336461963 182.33500820204440629 101.15535299992477292 2000
0.21466658726635401422 348.14435428197884903 153.63372792435450265 2000
9.5007146113000011667 351.62579782479866708 205.02480548652681591 2000
0 1137.6347171208453801 372.46788725111838403 2000
# Layered model 56303: value=0.0574828
5
0.67333366999999999525 178.74228820904264126 99.162192922188779676 2000
3.2744157827336461963 182.33500820204440629 101.15535299992477292 2000
0.34079195569439324487 348.14435428197884903 169.7072150746471948 2000
9.3745892428719628242 351.62579782479866708 205.02480548652681591 2000
0 1137.6347171208453801 372.46788725111838403 2000
# Layered model 56218: value=0.0574909
5
0.67333366999999999525 178.74228820904264126 99.162192922188779676 2000
3.2744157827336461963 182.33500820204440629 101.15535299992477292 2000
0.29833114967035356813 344.69738047720676377 164.71615098369039742 2000
9.4170500488960016128 351.62579782479866708 205.02480548652681591 2000
0 1137.6347171208453801 372.46788725111838403 2000
# Layered model 56200: value=0.0574995
5
0.68006700669999997633 178.74228820904264126 99.162192922188779676 2000
3.2676824460336462153 182.33500820204440629 101.15535299992477292 2000
0.29833114967035356813 348.14435428197884903 164.71615098369039742 2000
9.4170500488960016128 351.62579782479866708 205.02480548652681591 2000
0 1137.6347171208453801 372.46788725111838403 2000
# Layered model 56215: value=0.0575021
5
0.67333366999999999525 178.74228820904264126 99.162192922188779676 2000
3.2744157827336461963 182.33500820204440629 101.15535299992477292 2000
0.25629074766635362437 344.69738047720676377 159.87187334933227589 2000
9.4590904509000015565 351.62579782479866708 205.02480548652681591 2000
0 1137.6347171208453801 372.46788725111838403 2000
# Layered model 56005: value=0.0575048
5
0.68006700669999997633 178.74228820904264126 99.162192922188779676 2000
3.2676824460336462153 182.33500820204440629 101.15535299992477292 2000
0.34079195569439324487 348.14435428197884903 168.0269456184625767 2000
9.3745892428719628242 351.62579782479866708 205.02480548652681591 2000
0 1137.6347171208453801 372.46788725111838403 2000
# Layered model 56226: value=0.0575135
5
0.67333366999999999525 178.74228820904264126 99.162192922188779676 2000
3.2744157827336461963 182.33500820204440629 101.15535299992477292 2000
0.38367736977867394899 348.14435428197884903 173.1183300976476005 2000
9.3317038287876812319 351.62579782479866708 205.02480548652681591 2000
0 1137.6347171208453801 372.46788725111838403 2000
# Layered model 56207: value=0.0575239
5
0.67333366999999999525 178.74228820904264126 99.162192922188779676 2000
3.2744157827336461963 182.33500820204440629 101.15535299992477292 2000
0.47073904891117201998 348.14435428197884903 176.59800853261032216 2000
9.2446421496551831609 351.62579782479866708 205.02480548652681591 2000
0 1137.6347171208453801 372.46788725111838403 2000
# Layered model 55225: value=0.0575252
5
0.67333366999999999525 178.74228820904264126 99.162192922188779676 2000
3.2744157827336461963 182.33500820204440629 101.15535299992477292 2000
0.42699163800379746903 348.14435428197884903 174.84951339862408304 2000
9.2883895605625568237 351.62579782479866708 205.02480548652681591 2000
0 1126.3710070503418592 372.46788725111838403 2000
# Layered model 56564: value=0.0575269
5
0.68006700669999997633 178.74228820904264126 99.162192922188779676 2000
3.2676824460336462153 182.33500820204440629 101.15535299992477292 2000
0.25629074766635362437 348.14435428197884903 159.87187334933227589 2000
9.4590904509000015565 351.62579782479866708 205.02480548652681591 2000
0 1137.6347171208453801 372.46788725111838403 2000
# Layered model 55510: value=0.0575302
5
0.68006700669999997633 178.74228820904264126 99.162192922188779676 2000
3.2676824460336462153 182.33500820204440629 101.15535299992477292 2000
0.38367736977867394899 348.14435428197884903 171.40428722539365936 2000
9.3317038287876812319 351.62579782479866708 205.02480548652681591 2000
0 1137.6347171208453801 372.46788725111838403 2000
# Layered model 56606: value=0.057532
5
0.68006700669999997633 178.74228820904264126 99.162192922188779676 2000
3.2676824460336462153 182.33500820204440629 101.15535299992477292 2000
0.25629074766635362437 348.14435428197884903 158.28898351419036317 2000
9.4590904509000015565 351.62579782479866708 205.02480548652681591 2000
0 1137.6347171208453801 372.46788725111838403 2000
# Layered model 56188: value=0.0575343
5
0.67333366999999999525 178.74228820904264126 99.162192922188779676 2000
3.2744157827336461963 182.33500820204440629 101.15535299992477292 2000
0.34079195569439324487 348.14435428197884903 168.0269456184625767 2000
9.3745892428719628242 351.62579782479866708 205.02480548652681591 2000
0 1126.3710070503418592 372.46788725111838403 2000
# Layered model 56475: value=0.0575359
5
0.67333366999999999525 178.74228820904264126 99.162192922188779676 2000
3.2744157827336461963 182.33500820204440629 101.15535299992477292 2000
0.29833114967035356813 348.14435428197884903 164.71615098369039742 2000
9.4170500488960016128 351.62579782479866708 205.02480548652681591 2000
0 1126.3710070503418592 372.46788725111838403 2000
# Layered model 56103: value=0.0575386
5
0.67333366999999999525 178.74228820904264126 99.162192922188779676 2000
3.2744157827336461963 182.33500820204440629 101.15535299992477292 2000
0.38367736977867394899 348.14435428197884903 171.40428722539365936 2000
9.3317038287876812319 351.62579782479866708 205.02480548652681591 2000
0 1126.3710070503418592 372.46788725111838403 2000
# Layered model 55413: value=0.0575403
5
0.67333366999999999525 178.74228820904264126 99.162192922188779676 2000
3.2744157827336461963 182.33500820204440629 101.15535299992477292 2000
0.34079195569439324487 344.69738047720676377 169.7072150746471948 2000
9.3745892428719628242 351.62579782479866708 205.02480548652681591 2000
0 1137.6347171208453801 372.46788725111838403 2000
# Layered model 56001: value=0.0575469
5
0.67333366999999999525 178.74228820904264126 99.162192922188779676 2000
3.2744157827336461963 182.33500820204440629 101.15535299992477292 2000
0.34079195569439324487 344.69738047720676377 168.0269456184625767 2000
9.3745892428719628242 351.62579782479866708 205.02480548652681591 2000
0 1137.6347171208453801 372.46788725111838403 2000
# Layered model 56737: value=0.0575477
5
0.67333366999999999525 178.74228820904264126 99.162192922188779676 2000
3.2744157827336461963 182.33500820204440629 101.15535299992477292 2000
0.21466658726635401422 348.14435428197884903 150.60653653990246426 2000
9.5007146113000011667 351.62579782479866708 205.02480548652681591 2000
0 1137.6347171208453801 372.46788725111838403 2000
# Layered model 56473: value=0.0575482
5
0.67333366999999999525 178.74228820904264126 99.162192922188779676 2000
3.2744157827336461963 182.33500820204440629 101.15535299992477292 2000
0.21466658726635401422 344.69738047720676377 153.63372792435450265 2000
9.5007146113000011667 351.62579782479866708 205.02480548652681591 2000
0 1137.6347171208453801 372.46788725111838403 2000
# Layered model 55217: value=0.0575492
5
0.68006700669999997633 178.74228820904264126 99.162192922188779676 2000
3.2676824460336462153 182.33500820204440629 101.15535299992477292 2000
0.42699163800379746903 348.14435428197884903 174.84951339862408304 2000
9.2883895605625568237 351.62579782479866708 205.02480548652681591 2000
0 1137.6347171208453801 372.46788725111838403 2000
# Layered model 56400: value=0.0575524
5
0.68006700669999997633 178.74228820904264126 99.162192922188779676 2000
3.2676824460336462153 182.33500820204440629 101.15535299992477292 2000
0.29833114967035356813 348.14435428197884903 163.08529800365386109 2000
9.4170500488960016128 351.62579782479866708 205.02480548652681591 2000
0 1137.6347171208453801 372.46788725111838403 2000
# Layered model 56404: value=0.0575569
5
0.67333366999999999525 178.74228820904264126 99.162192922188779676 2000
3.2744157827336461963 182.33500820204440629 101.15535299992477292 2000
0.25629074766635362437 344.69738047720676377 158.28898351419036317 2000
9.4590904509000015565 351.62579782479866708 205.02480548652681591 2000
0 1137.6347171208453801 372.46788725111838403 2000
# Layered model 56833: value=0.0575588
5
0.68006700669999997633 178.74228820904264126 99.162192922188779676 2000
3.2676824460336462153 182.33500820204440629 101.15535299992477292 2000
0.21466658726635401422 348.14435428197884903 152.11260190530148861 2000
9.5007146113000011667 351.62579782479866708 205.02480548652681591 2000
0 1137.6347171208453801 372.46788725111838403 2000
# Layered model 56032: value=0.0575614
5
0.67333366999999999525 178.74228820904264126 99.162192922188779676 2000
3.2744157827336461963 182.33500820204440629 101.15535299992477292 2000
0.21466658726635401422 344.69738047720676377 152.11260190530148861 2000
9.5007146113000011667 351.62579782479866708 205.02480548652681591 2000
0 1137.6347171208453801 372.46788725111838403 2000
# Layered model 56010: value=0.0575679
5
0.67333366999999999525 178.74228820904264126 99.162192922188779676 2000
3.2744157827336461963 182.33500820204440629 101.15535299992477292 2000
0.34079195569439324487 348.14435428197884903 169.7072150746471948 2000
9.3745892428719628242 351.62579782479866708 205.02480548652681591 2000
0 1126.3710070503418592 372.46788725111838403 2000
# Layered model 56021: value=0.0575728
5
0.67333366999999999525 178.74228820904264126 99.162192922188779676 2000
3.2744157827336461963 182.33500820204440629 101.15535299992477292 2000
0.38367736977867394899 348.14435428197884903 173.1183300976476005 2000
9.3317038287876812319 351.62579782479866708 205.02480548652681591 2000
0 1126.3710070503418592 372.46788725111838403 2000
# Layered model 56202: value=0.0575739
5
0.68006700669999997633 178.74228820904264126 99.162192922188779676 2000
3.2676824460336462153 182.33500820204440629 101.15535299992477292 2000
0.34079195569439324487 348.14435428197884903 169.7072150746471948 2000
9.3745892428719628242 351.62579782479866708 205.02480548652681591 2000
0 1137.6347171208453801 372.46788725111838403 2000
# Layered model 56850: value=0.0575827
5
0.68006700669999997633 178.74228820904264126 99.162192922188779676 2000
3.2676824460336462153 182.33500820204440629 101.15535299992477292 2000
0.21466658726635401422 348.14435428197884903 153.63372792435450265 2000
9.5007146113000011667 351.62579782479866708 205.02480548652681591 2000
0 1137.6347171208453801 372.46788725111838403 2000
# Layered model 55406: value=0.0575827
5
0.67333366999999999525 178.74228820904264126 99.162192922188779676 2000
3.2744157827336461963 182.33500820204440629 101.15535299992477292 2000
0.38367736977867394899 344.69738047720676377 173.1183300976476005 2000
9.3317038287876812319 351.62579782479866708 205.02480548652681591 2000
0 1137.6347171208453801 372.46788725111838403 2000
# Layered model 56419: value=0.0575841
5
0.67333366999999999525 178.74228820904264126 99.162192922188779676 2000
3.2744157827336461963 182.33500820204440629 101.15535299992477292 2000
0.29833114967035356813 348.14435428197884903 166.3633124935273031 2000
9.4170500488960016128 351.62579782479866708 205.02480548652681591 2000
0 1137.6347171208453801 372.46788725111838403 2000
# Layered model 57051: value=0.0575844
5
0.67333366999999999525 178.74228820904264126 99.162192922188779676 2000
3.2744157827336461963 182.33500820204440629 101.15535299992477292 2000
0.25629074766635362437 348.14435428197884903 159.87187334933227589 2000
9.4590904509000015565 351.62579782479866708 205.02480548652681591 2000
0 1126.3710070503418592 372.46788725111838403 2000
# Layered model 56402: value=0.0575927
5
0.67333366999999999525 178.74228820904264126 99.162192922188779676 2000
3.2744157827336461963 182.33500820204440629 101.15535299992477292 2000
0.25629074766635362437 348.14435428197884903 156.7217658556340325 2000
9.4590904509000015565 351.62579782479866708 205.02480548652681591 2000
0 1137.6347171208453801 372.46788725111838403 2000
# Layered model 56250: value=0.0575971
5
0.67333366999999999525 178.74228820904264126 99.162192922188779676 2000
3.2744157827336461963 182.33500820204440629 101.15535299992477292 2000
0.34079195569439324487 348.14435428197884903 166.3633124935273031 2000
9.3745892428719628242 351.62579782479866708 205.02480548652681591 2000
0 1137.6347171208453801 372.46788725111838403 2000
# Layered model 56829: value=0.0575972
5
0.67333366999999999525 178.74228820904264126 99.162192922188779676 2000
3.2744157827336461963 182.33500820204440629 101.15535299992477292 2000
0.25629074766635362437 348.14435428197884903 158.28898351419036317 2000
9.4590904509000015565 351.62579782479866708 205.02480548652681591 2000
0 1149.0110642920537884 372.46788725111838403 2000
# Layered model 56370: value=0.0575999
5
0.67333366999999999525 178.74228820904264126 99.162192922188779676 2000
3.2744157827336461963 182.33500820204440629 101.15535299992477292 2000
0.47073904891117201998 348.14435428197884903 176.59800853261032216 2000
9.2446421496551831609 351.62579782479866708 205.02480548652681591 2000
0 1126.3710070503418592 372.46788725111838403 2000
# Layered model 55914: value=0.0576008
5
0.67333366999999999525 178.74228820904264126 99.162192922188779676 2000
3.2744157827336461963 182.33500820204440629 101.15535299992477292 2000
0.38367736977867394899 344.69738047720676377 171.40428722539365936 2000
9.3317038287876812319 351.62579782479866708 205.02480548652681591 2000
0 1137.6347171208453801 372.46788725111838403 2000
# Layered model 55235: value=0.0576012
5
0.68006700669999997633 178.74228820904264126 99.162192922188779676 2000
3.2676824460336462153 182.33500820204440629 101.15535299992477292 2000
0.38367736977867394899 348.14435428197884903 173.1183300976476005 2000
9.3317038287876812319 351.62579782479866708 205.02480548652681591 2000
0 1137.6347171208453801 372.46788725111838403 2000
# Layered model 56820: value=0.0576015
5
0.67333366999999999525 178.74228820904264126 99.162192922188779676 2000
3.2744157827336461963 182.33500820204440629 101.15535299992477292 2000
0.21466658726635401422 348.14435428197884903 152.11260190530148861 2000
9.5007146113000011667 351.62579782479866708 205.02480548652681591 2000
0 1149.0110642920537884 372.46788725111838403 2000
# Layered model 55997: value=0.0576026
5
0.67333366999999999525 178.74228820904264126 99.162192922188779676 2000
3.2744157827336461963 182.33500820204440629 101.15535299992477292 2000
0.29833114967035356813 344.69738047720676377 166.3633124935273031 2000
9.4170500488960016128 351.62579782479866708 205.02480548652681591 2000
0 1137.6347171208453801 372.46788725111838403 2000
# Layered model 56023: value=0.0576027
5
0.67333366999999999525 178.74228820904264126 99.162192922188779676 2000
3.2744157827336461963 182.33500820204440629 101.15535299992477292 2000
0.47073904891117201998 348.14435428197884903 178.36398861793642823 2000
9.2446421496551831609 351.62579782479866708 205.02480548652681591 2000
0 1137.6347171208453801 372.46788725111838403 2000
# Layered model 56014: value=0.0576071
5
0.67333366999999999525 178.74228820904264126 99.162192922188779676 2000
3.2744157827336461963 182.33500820204440629 101.15535299992477292 2000
0.29833114967035356813 344.69738047720676377 163.08529800365386109 2000
9.4170500488960016128 351.62579782479866708 205.02480548652681591 2000
0 1137.6347171208453801 372.46788725111838403 2000
# Layered model 56276: value=0.0576075
5
0.68006700669999997633 178.74228820904264126 99.162192922188779676 2000
3.2676824460336462153 182.33500820204440629 101.15535299992477292 2000
0.29833114967035356813 344.69738047720676377 164.71615098369039742 2000
9.4170500488960016128 351.62579782479866708 205.02480548652681591 2000
0 1137.6347171208453801 372.46788725111838403 2000
# Layered model 56091: value=0.0576088
5
0.67333366999999999525 178.74228820904264126 99.162192922188779676 2000
3.2744157827336461963 182.33500820204440629 101.15535299992477292 2000
0.25629074766635362437 348.14435428197884903 161.47059208282558984 2000
9.4590904509000015565 351.62579782479866708 205.02480548652681591 2000
0 1137.6347171208453801 372.46788725111838403 2000
# Layered model 56493: value=0.0576135
5
0.68686767676700000163 178.74228820904264126 99.162192922188779676 2000
3.2608817759666459679 182.33500820204440629 101.15535299992477292 2000
0.29833114967035356813 348.14435428197884903 164.71615098369039742 2000
9.4170500488960016128 351.62579782479866708 205.02480548652681591 2000
0 1137.6347171208453801 372.46788725111838403 2000
# Layered model 56650: value=0.0576151
5
0.67333366999999999525 178.74228820904264126 99.162192922188779676 2000
3.2744157827336461963 182.33500820204440629 101.15535299992477292 2000
0.5149239339276201477 348.14435428197884903 180.14762850411580075 2000
9.2004572646387359214 351.62579782479866708 205.02480548652681591 2000
0 1137.6347171208453801 372.46788725111838403 2000
# Layered model 56254: value=0.0576184
5
0.68006700669999997633 178.74228820904264126 99.162192922188779676 2000
3.2676824460336462153 182.33500820204440629 101.15535299992477292 2000
0.25629074766635362437 344.69738047720676377 159.87187334933227589 2000
9.4590904509000015565 351.62579782479866708 205.02480548652681591 2000
0 1137.6347171208453801 372.46788725111838403 2000
# Layered model 57015: value=0.0576208
5
0.67333366999999999525 178.74228820904264126 99.162192922188779676 2000
3.2744157827336461963 182.33500820204440629 101.15535299992477292 2000
0.25629074766635362437 348.14435428197884903 158.28898351419036317 2000
9.4590904509000015565 351.62579782479866708 205.02480548652681591 2000
0 1126.3710070503418592 372.46788725111838403 2000
# Layered model 55493: value=0.0576216
5
0.67333366999999999525 178.74228820904264126 99.162192922188779676 2000
3.2744157827336461963 182.33500820204440629 101.15535299992477292 2000
0.47073904891117201998 348.14435428197884903 178.36398861793642823 2000
9.2446421496551831609 351.62579782479866708 205.02480548652681591 2000
0 1126.3710070503418592 372.46788725111838403 2000
# Layered model 55859: value=0.0576217
5
0.67333366999999999525 178.74228820904264126 99.162192922188779676 2000
3.2744157827336461963 182.33500820204440629 101.15535299992477292 2000
0.42699163800379746903 344.69738047720676377 174.84951339862408304 2000
9.2883895605625568237 351.62579782479866708 205.02480548652681591 2000
0 1137.6347171208453801 372.46788725111838403 2000
# Layered model 56373: value=0.0576229
5
0.67333366999999999525 178.74228820904264126 99.162192922188779676 2000
3.2744157827336461963 182.33500820204440629 101.15535299992477292 2000
0.29833114967035356813 348.14435428197884903 163.08529800365386109 2000
9.4170500488960016128 351.62579782479866708 205.02480548652681591 2000
0 1126.3710070503418592 372.46788725111838403 2000
# Layered model 55911: value=0.0576231
5
0.68686767676700000163 178.74228820904264126 99.162192922188779676 2000
3.2608817759666459679 182.33500820204440629 101.15535299992477292 2000
0.34079195569439324487 348.14435428197884903 168.0269456184625767 2000
9.3745892428719628242 351.62579782479866708 205.02480548652681591 2000
0 1137.6347171208453801 372.46788725111838403 2000
# Layered model 55402: value=0.0576251
5
0.67333366999999999525 178.74228820904264126 99.162192922188779676 2000
3.2744157827336461963 182.33500820204440629 101.15535299992477292 2000
0.42699163800379746903 348.14435428197884903 173.1183300976476005 2000
9.2883895605625568237 351.62579782479866708 205.02480548652681591 2000
0 1137.6347171208453801 372.46788725111838403 2000
# Layered model 55452: value=0.0576259
5
0.68006700669999997633 178.74228820904264126 99.162192922188779676 2000
3.2676824460336462153 182.33500820204440629 101.15535299992477292 2000
0.47073904891117201998 348.14435428197884903 176.59800853261032216 2000
9.2446421496551831609 351.62579782479866708 205.02480548652681591 2000
0 1137.6347171208453801 372.46788725111838403 2000
# Layered model 56236: value=0.0576272
5
0.67333366999999999525 178.74228820904264126 99.162192922188779676 2000
3.2744157827336461963 182.33500820204440629 101.15535299992477292 2000
0.5149239339276201477 348.14435428197884903 180.14762850411580075 2000
9.2004572646387359214 351.62579782479866708 205.02480548652681591 2000
0 1126.3710070503418592 372.46788725111838403 2000
# Layered model 56002: value=0.0576272
5
0.67333366999999999525 178.74228820904264126 99.162192922188779676 2000
3.2744157827336461963 182.33500820204440629 101.15535299992477292 2000
0.25629074766635362437 344.69738047720676377 161.47059208282558984 2000
9.4590904509000015565 351.62579782479866708 205.02480548652681591 2000
0 1137.6347171208453801 372.46788725111838403 2000
# Layered model 55514: value=0.0576281
5
0.68006700669999997633 178.74228820904264126 99.162192922188779676 2000
3.2676824460336462153 182.33500820204440629 101.15535299992477292 2000
0.42699163800379746903 348.14435428197884903 174.84951339862408304 2000
9.2883895605625568237 351.62579782479866708 205.02480548652681591 2000
0 1126.3710070503418592 372.46788725111838403 2000
# Layered model 56805: value=0.0576324
5
0.67333366999999999525 178.74228820904264126 99.162192922188779676 2000
3.2744157827336461963 182.33500820204440629 101.15535299992477292 2000
0.5149239339276201477 348.14435428197884903 178.36398861793642823 2000
9.2004572646387359214 351.62579782479866708 205.02480548652681591 2000
0 1137.6347171208453801 372.46788725111838403 2000
# Layered model 56008: value=0.0576369
5
0.67333366999999999525 178.74228820904264126 99.162192922188779676 2000
3.2744157827336461963 182.33500820204440629 101.15535299992477292 2000
0.29833114967035356813 348.14435428197884903 163.08529800365386109 2000
9.4170500488960016128 351.62579782479866708 205.02480548652681591 2000
0 1149.0110642920537884 372.46788725111838403 2000
# Layered model 56306: value=0.0576428
5
0.68686767676700000163 178.74228820904264126 99.162192922188779676 2000
3.2608817759666459679 182.33500820204440629 101.15535299992477292 2000
0.25629074766635362437 348.14435428197884903 159.87187334933227589 2000
9.4590904509000015565 351.62579782479866708 205.02480548652681591 2000
0 1137.6347171208453801 372.46788725111838403 2000
# Layered model 56241: value=0.0576449
5
0.68006700669999997633 178.74228820904264126 99.162192922188779676 2000
3.2676824460336462153 182.33500820204440629 101.15535299992477292 2000
0.29833114967035356813 348.14435428197884903 164.71615098369039742 2000
9.4170500488960016128 351.62579782479866708 205.02480548652681591 2000
0 1126.3710070503418592 372.46788725111838403 2000
# Layered model 55837: value=0.0576459
5
0.67333366999999999525 178.74228820904264126 99.162192922188779676 2000
3.2744157827336461963 182.33500820204440629 101.15535299992477292 2000
0.29833114967035356813 348.14435428197884903 164.71615098369039742 2000
9.4170500488960016128 351.62579782479866708 205.02480548652681591 2000
0 1149.0110642920537884 372.46788725111838403 2000
# Layered model 55440: value=0.0576462
5
0.68686767676700000163 178.74228820904264126 99.162192922188779676 2000
3.2608817759666459679 182.33500820204440629 101.15535299992477292 2000
0.38367736977867394899 348.14435428197884903 171.40428722539365936 2000
9.3317038287876812319 351.62579782479866708 205.02480548652681591 2000
0 1137.6347171208453801 372.46788725111838403 2000
# Layered model 56786: value=0.0576466
5
0.67333366999999999525 178.74228820904264126 99.162192922188779676 2000
3.2744157827336461963 182.33500820204440629 101.15535299992477292 2000
0.29833114967035356813 344.69738047720676377 164.71615098369039742 2000
9.4170500488960016128 351.62579782479866708 205.02480548652681591 2000
0 1149.0110642920537884 372.46788725111838403 2000
# Layered model 55533: value=0.0576475
5
0.68006700669999997633 178.74228820904264126 99.162192922188779676 2000
3.2676824460336462153 182.33500820204440629 101.15535299992477292 2000
0.34079195569439324487 348.14435428197884903 168.0269456184625767 2000
9.3745892428719628242 351.62579782479866708 205.02480548652681591 2000
0 1126.3710070503418592 372.46788725111838403 2000
# Layered model 55973: value=0.0576478
5
0.68006700669999997633 178.74228820904264126 99.162192922188779676 2000
3.2676824460336462153 182.33500820204440629 101.15535299992477292 2000
0.34079195569439324487 344.69738047720676377 169.7072150746471948 2000
9.3745892428719628242 351.62579782479866708 205.02480548652681591 2000
0 1137.6347171208453801 372.46788725111838403 2000
# Layered model 56784: value=0.0576483
5
0.67333366999999999525 178.74228820904264126 99.162192922188779676 2000
3.2744157827336461963 182.33500820204440629 101.15535299992477292 2000
0.21466658726635401422 348.14435428197884903 155.17006520359805677 2000
9.5007146113000011667 351.62579782479866708 205.02480548652681591 2000
0 1137.6347171208453801 372.46788725111838403 2000
# Layered model 56821: value=0.0576488
5
0.67333366999999999525 178.74228820904264126 99.162192922188779676 2000
3.2744157827336461963 182.33500820204440629 101.15535299992477292 2000
0.25629074766635362437 348.14435428197884903 159.87187334933227589 2000
9.4590904509000015565 351.62579782479866708 205.02480548652681591 2000
0 1149.0110642920537884 372.46788725111838403 2000
# Layered model 56011: value=0.0576495
5
0.68006700669999997633 178.74228820904264126 99.162192922188779676 2000
3.2676824460336462153 182.33500820204440629 101.15535299992477292 2000
0.38367736977867394899 348.14435428197884903 171.40428722539365936 2000
9.3317038287876812319 351.62579782479866708 205.02480548652681591 2000
0 1126.3710070503418592 372.46788725111838403 2000
# Layered model 56324: value=0.0576498
5
0.67333366999999999525 178.74228820904264126 99.162192922188779676 2000
3.2744157827336461963 182.33500820204440629 101.15535299992477292 2000
0.34079195569439324487 348.14435428197884903 168.0269456184625767 2000
9.3745892428719628242 351.62579782479866708 205.02480548652681591 2000
0 1149.0110642920537884 372.46788725111838403 2000
# Layered model 57325: value=0.0576535
5
0.67333366999999999525 178.74228820904264126 99.162192922188779676 2000
3.2744157827336461963 182.33500820204440629 101.15535299992477292 2000
0.25629074766635362437 344.69738047720676377 159.87187334933227589 2000
9.4590904509000015565 351.62579782479866708 205.02480548652681591 2000
0 1149.0110642920537884 372.46788725111838403 2000
# Layered model 55211: value=0.0576569
5
0.68686767676700000163 178.74228820904264126 99.162192922188779676 2000
3.2608817759666459679 182.33500820204440629 101.15535299992477292 2000
0.42699163800379746903 348.14435428197884903 174.84951339862408304 2000
9.2883895605625568237 351.62579782479866708 205.02480548652681591 2000
0 1137.6347171208453801 372.46788725111838403 2000
# Layered model 56415: value=0.0576612
5
0.68686767676700000163 178.74228820904264126 99.162192922188779676 2000
3.2608817759666459679 182.33500820204440629 101.15535299992477292 2000
0.25629074766635362437 348.14435428197884903 158.28898351419036317 2000
9.4590904509000015565 351.62579782479866708 205.02480548652681591 2000
0 1137.6347171208453801 372.46788725111838403 2000
# Layered model 57271: value=0.0576627
5
0.67333366999999999525 178.74228820904264126 99.162192922188779676 2000
3.2744157827336461963 182.33500820204440629 101.15535299992477292 2000
0.21466658726635401422 348.14435428197884903 153.63372792435450265 2000
9.5007146113000011667 351.62579782479866708 205.02480548652681591 2000
0 1126.3710070503418592 372.46788725111838403 2000
# Layered model 56392: value=0.0576653
5
0.68006700669999997633 178.74228820904264126 99.162192922188779676 2000
3.2676824460336462153 182.33500820204440629 101.15535299992477292 2000
0.21466658726635401422 344.69738047720676377 153.63372792435450265 2000
9.5007146113000011667 351.62579782479866708 205.02480548652681591 2000
0 1137.6347171208453801 372.46788725111838403 2000
# Layered model 55544: value=0.0576653
5
0.68006700669999997633 178.74228820904264126 99.162192922188779676 2000
3.2676824460336462153 182.33500820204440629 101.15535299992477292 2000
0.34079195569439324487 348.14435428197884903 169.7072150746471948 2000
9.3745892428719628242 351.62579782479866708 205.02480548652681591 2000
0 1126.3710070503418592 372.46788725111838403 2000
# Layered model 57418: value=0.0576669
5
0.67333366999999999525 178.74228820904264126 99.162192922188779676 2000
3.2744157827336461963 182.33500820204440629 101.15535299992477292 2000
0.21466658726635401422 348.14435428197884903 152.11260190530148861 2000
9.5007146113000011667 351.62579782479866708 205.02480548652681591 2000
0 1126.3710070503418592 372.46788725111838403 2000
# Layered model 55408: value=0.0576669
5
0.68006700669999997633 178.74228820904264126 99.162192922188779676 2000
3.2676824460336462153 182.33500820204440629 101.15535299992477292 2000
0.38367736977867394899 348.14435428197884903 173.1183300976476005 2000
9.3317038287876812319 351.62579782479866708 205.02480548652681591 2000
0 1126.3710070503418592 372.46788725111838403 2000
# Layered model 57200: value=0.0576703
5
0.67333366999999999525 178.74228820904264126 99.162192922188779676 2000
3.2744157827336461963 182.33500820204440629 101.15535299992477292 2000
0.21466658726635401422 348.14435428197884903 150.60653653990246426 2000
9.5007146113000011667 351.62579782479866708 205.02480548652681591 2000
0 1149.0110642920537884 372.46788725111838403 2000
# Layered model 56420: value=0.0576736
5
0.67333366999999999525 178.74228820904264126 99.162192922188779676 2000
3.2744157827336461963 182.33500820204440629 101.15535299992477292 2000
0.21466658726635401422 344.69738047720676377 155.17006520359805677 2000
9.5007146113000011667 351.62579782479866708 205.02480548652681591 2000
0 1137.6347171208453801 372.46788725111838403 2000
# Layered model 56836: value=0.057676
5
0.67333366999999999525 178.74228820904264126 99.162192922188779676 2000
3.2744157827336461963 182.33500820204440629 101.15535299992477292 2000
0.21466658726635401422 348.14435428197884903 153.63372792435450265 2000
9.5007146113000011667 351.62579782479866708 205.02480548652681591 2000
0 1149.0110642920537884 372.46788725111838403 2000
# Layered model 55518: value=0.0576763
5
0.68686767676700000163 178.74228820904264126 99.162192922188779676 2000
3.2608817759666459679 182.33500820204440629 101.15535299992477292 2000
0.34079195569439324487 348.14435428197884903 169.7072150746471948 2000
9.3745892428719628242 351.62579782479866708 205.02480548652681591 2000
0 1137.6347171208453801 372.46788725111838403 2000
# Layered model 57006: value=0.0576792
5
0.68006700669999997633 178.74228820904264126 99.162192922188779676 2000
3.2676824460336462153 182.33500820204440629 101.15535299992477292 2000
0.21466658726635401422 348.14435428197884903 150.60653653990246426 2000
9.5007146113000011667 351.62579782479866708 205.02480548652681591 2000
0 1137.6347171208453801 372.46788725111838403 2000
# Layered model 56479: value=0.057681
5
0.68686767676700000163 178.74228820904264126 99.162192922188779676 2000
3.2608817759666459679 182.33500820204440629 101.15535299992477292 2000
0.29833114967035356813 348.14435428197884903 163.08529800365386109 2000
9.4170500488960016128 351.62579782479866708 205.02480548652681591 2000
0 1137.6347171208453801 372.46788725111838403 2000
# Layered model 56665: value=0.0576815
5
0.67333366999999999525 178.74228820904264126 99.162192922188779676 2000
3.2744157827336461963 182.33500820204440629 101.15535299992477292 2000
0.55955066779423301426 348.14435428197884903 181.94910478915696217 2000
9.1558305307721212785 351.62579782479866708 205.02480548652681591 2000
0 1126.3710070503418592 372.46788725111838403 2000
# Layered model 55473: value=0.0576823
5
0.67333366999999999525 178.74228820904264126 99.162192922188779676 2000
3.2744157827336461963 182.33500820204440629 101.15535299992477292 2000
0.42699163800379746903 348.14435428197884903 176.59800853261032216 2000
9.2883895605625568237 351.62579782479866708 205.02480548652681591 2000
0 1137.6347171208453801 372.46788725111838403 2000
# Layered model 56685: value=0.0576827
5
0.67333366999999999525 178.74228820904264126 99.162192922188779676 2000
3.2744157827336461963 182.33500820204440629 101.15535299992477292 2000
0.55955066779423301426 348.14435428197884903 181.94910478915696217 2000
9.1558305307721212785 351.62579782479866708 205.02480548652681591 2000
0 1137.6347171208453801 372.46788725111838403 2000
# Layered model 56235: value=0.0576855
5
0.68006700669999997633 178.74228820904264126 99.162192922188779676 2000
3.2676824460336462153 182.33500820204440629 101.15535299992477292 2000
0.47073904891117201998 348.14435428197884903 178.36398861793642823 2000
9.2446421496551831609 351.62579782479866708 205.02480548652681591 2000
0 1137.6347171208453801 372.46788725111838403 2000
# Layered model 56408: value=0.0576862
5
0.68006700669999997633 178.74228820904264126 99.162192922188779676 2000
3.2676824460336462153 182.33500820204440629 101.15535299992477292 2000
0.25629074766635362437 344.69738047720676377 158.28898351419036317 2000
9.4590904509000015565 351.62579782479866708 205.02480548652681591 2000
0 1137.6347171208453801 372.46788725111838403 2000
# Layered model 57033: value=0.0576871
5
0.67333366999999999525 178.74228820904264126 99.162192922188779676 2000
3.2744157827336461963 182.33500820204440629 101.15535299992477292 2000
0.34079195569439324487 344.69738047720676377 168.0269456184625767 2000
9.3745892428719628242 351.62579782479866708 205.02480548652681591 2000
0 1149.0110642920537884 372.46788725111838403 2000
# Layered model 55214: value=0.057689
5
0.68006700669999997633 178.74228820904264126 99.162192922188779676 2000
3.2676824460336462153 182.33500820204440629 101.15535299992477292 2000
0.38367736977867394899 344.69738047720676377 173.1183300976476005 2000
9.3317038287876812319 351.62579782479866708 205.02480548652681591 2000
0 1137.6347171208453801 372.46788725111838403 2000
# Layered model 57030: value=0.0576899
5
0.68686767676700000163 178.74228820904264126 99.162192922188779676 2000
3.2608817759666459679 182.33500820204440629 101.15535299992477292 2000
0.21466658726635401422 348.14435428197884903 152.11260190530148861 2000
9.5007146113000011667 351.62579782479866708 205.02480548652681591 2000
0 1137.6347171208453801 372.46788725111838403 2000
# Layered model 56431: value=0.0576904
5
0.68006700669999997633 178.74228820904264126 99.162192922188779676 2000
3.2676824460336462153 182.33500820204440629 101.15535299992477292 2000
0.21466658726635401422 344.69738047720676377 152.11260190530148861 2000
9.5007146113000011667 351.62579782479866708 205.02480548652681591 2000
0 1137.6347171208453801 372.46788725111838403 2000
# Layered model 56810: value=0.0576951
5
0.68006700669999997633 178.74228820904264126 99.162192922188779676 2000
3.2676824460336462153 182.33500820204440629 101.15535299992477292 2000
0.25629074766635362437 348.14435428197884903 159.87187334933227589 2000
9.4590904509000015565 351.62579782479866708 205.02480548652681591 2000
0 1126.3710070503418592 372.46788725111838403 2000
