# 60000 /scratch/04709/vantaj94/Reports_2020-02-17/VS2_Tar5_LN5_Sd0.report
# Layered model 55213: value=0.0644661
5
3.7282637007065266843 184.1583582840648603 100.1538148514106723 2000
1.001480970735773468 293.96525509778211926 152.11260190530148861 2000
8.5606025495252389135 344.69738047720676377 202.99485691735324622 2000
1.0945417417244200919 1347.3058367699129576 281.89694517135148999 2000
0 1660.4088544183136946 368.78008638724594448 2000
# Layered model 59522: value=0.0651002
5
3.7282637007065266843 184.1583582840648603 100.1538148514106723 2000
1.0487784174501966206 299.87395672524752399 152.11260190530148861 2000
8.5133051028108148728 344.69738047720676377 202.99485691735324622 2000
1.0945417417244200919 1256.6564791676025834 276.34246169135525406 2000
0 1611.5764756302417027 368.78008638724594448 2000
# Layered model 58847: value=0.0665398
5
3.691350198719333342 173.4855039537403627 101.15535299992477292 2000
0.72016805048976717529 324.72052488315904384 143.2969518470092396 2000
8.8788289717584376604 348.14435428197884903 207.07505354139206588 2000
1.0945417417244200919 923.11113037635902856 350.88159847011718284 2000
0 1815.9647107120208602 368.78008638724594448 2000
# Layered model 58026: value=0.0676664
5
3.7655463377135918179 185.99994186690551601 100.1538148514106723 2000
1.0592662016246991996 308.96043748797927719 159.87187334933227589 2000
8.4655346816292471601 341.28453512594728636 200.98500684886460022 2000
0.95211709852945070054 1360.7788951376121531 290.43870450698864261 2000
0 1710.720903116043246 368.78008638724594448 2000
# Layered model 59400: value=0.0706409
5
3.7282637007065266843 184.1583582840648603 100.1538148514106723 2000
0.9546518155729781796 285.31978043094409259 152.11260190530148861 2000
8.6074317046880324256 344.69738047720676377 202.99485691735324622 2000
1.0945417417244200919 1444.494217701140542 273.60639771421313071 2000
0 1595.6202729012293275 368.78008638724594448 2000
# Layered model 58434: value=0.0707613
5
3.7655463377135918179 185.99994186690551601 100.1538148514106723 2000
1.2054628463791896564 291.05470801760606037 159.87187334933227589 2000
8.4522415090844305041 348.14435428197884903 205.02480548652681591 2000
0.81921362631977601154 1082.4203983706943291 262.93037032810690334 2000
0 1627.6922403865441993 368.78008638724594448 2000
# Layered model 55198: value=0.0708439
5
3.691350198719333342 182.33500820204440629 100.1538148514106723 2000
1.2304410726596577419 302.87269629249999525 153.63372792435450265 2000
8.3685559495885470938 344.69738047720676377 205.02480548652681591 2000
1.2383906313513399766 1564.1802498786680644 281.89694517135148999 2000
0 1643.9691627904096549 368.78008638724594448 2000
# Layered model 58546: value=0.0712771
5
3.7282637007065266843 173.4855039537403627 101.15535299992477292 2000
0.81692796297185932275 337.90548032272010914 153.63372792435450265 2000
8.8780590294988268596 348.14435428197884903 209.1458040768060016 2000
0.96163826951474540294 1627.6922403865441993 365.12879840321380698 2000
0 1727.828112147203683 368.78008638724594448 2000
# Layered model 59139: value=0.0717348
5
3.7282637007065266843 175.2203589932777561 101.15535299992477292 2000
0.8623798796086434848 334.55988150764369493 150.60653653990246426 2000
8.437831295645557006 341.28453512594728636 207.07505354139206588 2000
1.0729749453234198597 1533.3597195163886227 276.34246169135525406 2000
0 1595.6202729012293275 368.78008638724594448 2000
# Layered model 59340: value=0.0718059
5
3.7655463377135918179 175.2203589932777561 101.15535299992477292 2000
0.77964532596479418913 341.28453512594728636 155.17006520359805677 2000
8.6135679610419479957 344.69738047720676377 207.07505354139206588 2000
1.0837046947766548755 1579.8220523774548383 290.43870450698864261 2000
0 1595.6202729012293275 368.78008638724594448 2000
# Layered model 58000: value=0.0731211
5
3.7282637007065266843 182.33500820204440629 100.1538148514106723 2000
0.9546518155729781796 288.17297823525353806 153.63372792435450265 2000
8.7403351768977088909 348.14435428197884903 202.99485691735324622 2000
0.81921362631977601154 1244.2143358095074746 302.23168056917751301 2000
0 1660.4088544183136946 368.78008638724594448 2000
# Layered model 55235: value=0.0731361
5
3.654802176949834891 185.99994186690551601 100.1538148514106723 2000
0.75671607225926562634 274.18670088629011161 131.02210976590970404 2000
9.1459649508998843714 348.14435428197884903 200.98500684886460022 2000
1.5611796692528283614 1050.5865745745122695 305.25399737486930007 2000
0 1595.6202729012293275 368.78008638724594448 2000
# Layered model 58435: value=0.0736786
5
3.691350198719333342 173.4855039537403627 101.15535299992477292 2000
0.85384146495905266505 318.32224770430252647 149.11538271277470358 2000
8.6135679610419479957 344.69738047720676377 209.1458040768060016 2000
1.2261293379716242669 1126.3710070503418592 333.85180135692519343 2000
0 1966.4295641784678992 368.78008638724594448 2000
# Layered model 59462: value=0.073759
5
3.7282637007065266843 173.4855039537403627 101.15535299992477292 2000
0.81692796297185932275 299.87395672524752399 155.17006520359805677 2000
8.7451555572891521706 351.62579782479866708 211.23726211757403348 2000
0.95211709852945070054 1050.5865745745122695 299.23928769225494761 2000
0 1797.9848620911097896 368.78008638724594448 2000
# Layered model 53433: value=0.0739164
5
3.6186160167820147215 171.76782569677263268 101.15535299992477292 2000
0.97202756353315544757 318.32224770430252647 146.17722057913411504 2000
8.6997036406523680085 348.14435428197884903 209.1458040768060016 2000
1.5304182621829500732 1231.895381989611451 320.82501907418668452 2000
0 1946.9599645331365991 368.78008638724594448 2000
# Layered model 57649: value=0.0740212
5
3.654802176949834891 173.4855039537403627 101.15535299992477292 2000
1.028113339329669973 315.1705422814876556 149.11538271277470358 2000
8.6074317046880324256 348.14435428197884903 209.1458040768060016 2000
1.0945417417244200919 1347.3058367699129576 317.6485337368184787 2000
0 1797.9848620911097896 368.78008638724594448 2000
# Layered model 57842: value=0.0746126
5
3.6186160167820147215 170.067154155220436 101.15535299992477292 2000
1.1584261013747085833 344.69738047720676377 156.7217658556340325 2000
8.7804410819522615839 351.62579782479866708 209.1458040768060016 2000
0.82740576258297338086 1307.6817714142887326 330.54633797715365517 2000
0 1762.5574572013624675 368.78008638724594448 2000
# Layered model 57854: value=0.0747047
5
3.7282637007065266843 175.2203589932777561 101.15535299992477292 2000
0.81692796297185932275 305.90142325542501567 150.60653653990246426 2000
8.7451555572891521706 348.14435428197884903 209.1458040768060016 2000
1.0945417417244200919 1458.9391598781519406 308.30653734861800785 2000
0 1797.9848620911097896 368.78008638724594448 2000
# Layered model 57987: value=0.0747462
5
3.7655463377135918179 180.52971109113306625 100.1538148514106723 2000
0.8710036784047296976 279.69785357410455617 158.28898351419036317 2000
8.6537972048492157739 348.14435428197884903 207.07505354139206588 2000
0.81110260031660885716 1402.0118564391768814 287.56307376929566999 2000
0 1677.0129429624969362 368.78008638724594448 2000
# Layered model 58204: value=0.0748283
5
3.691350198719333342 182.33500820204440629 100.1538148514106723 2000
1.2796589853734481323 293.96525509778211926 155.17006520359805677 2000
8.4522415090844305041 348.14435428197884903 205.02480548652681591 2000
1.1054871591416652876 1595.6202729012293275 276.34246169135525406 2000
0 1643.9691627904096549 368.78008638724594448 2000
# Layered model 58456: value=0.0749248
5
3.691350198719333342 173.4855039537403627 101.15535299992477292 2000
0.76428323298185851797 318.32224770430252647 144.72992136547932773 2000
8.7031261930191412546 344.69738047720676377 209.1458040768060016 2000
1.0837046947766548755 1660.4088544183136946 305.25399737486930007 2000
0 1889.7001599854190772 368.78008638724594448 2000
# Layered model 57601: value=0.07493
5
3.7282637007065266843 184.1583582840648603 100.1538148514106723 2000
1.0965488386317643332 296.904907648759945 158.28898351419036317 2000
8.4655346816292471601 344.69738047720676377 202.99485691735324622 2000
0.95211709852945070054 1416.0319750035687321 273.60639771421313071 2000
0 1643.9691627904096549 368.78008638724594448 2000
# Layered model 56815: value=0.0750241
5
3.691350198719333342 173.4855039537403627 101.15535299992477292 2000
0.76428323298185851797 321.5054701813455722 143.2969518470092396 2000
8.7031261930191412546 344.69738047720676377 209.1458040768060016 2000
1.2261293379716242669 1219.6983980095162678 324.03326926492854909 2000
0 1946.9599645331365991 368.78008638724594448 2000
# Layered model 58622: value=0.0753852
5
3.7282637007065266843 175.2203589932777561 101.15535299992477292 2000
0.90828631541179483122 337.90548032272010914 156.7217658556340325 2000
8.522209608602011599 344.69738047720676377 207.07505354139206588 2000
0.94269019656381303207 1388.1305509298781544 279.10588630826879353 2000
0 1564.1802498786680644 368.78008638724594448 2000
# Layered model 54924: value=0.0754504
5
3.7282637007065266843 173.4855039537403627 101.15535299992477292 2000
0.72736973099466517567 327.96773013199066327 147.63899278492544909 2000
8.7031261930191412546 344.69738047720676377 209.1458040768060016 2000
0.80307188150159447559 1294.7344271428601132 299.23928769225494761 2000
0 1908.5971615852729428 368.78008638724594448 2000
# Layered model 55363: value=0.0754577
5
3.7282637007065266843 175.2203589932777561 101.15535299992477292 2000
1.0487784174501966206 331.24740743331057047 158.28898351419036317 2000
8.3817175065636106979 344.69738047720676377 207.07505354139206588 2000
0.94269019656381303207 1444.494217701140542 279.10588630826879353 2000
0 1548.6933167115525976 368.78008638724594448 2000
# Layered model 57996: value=0.075463
5
3.654802176949834891 173.4855039537403627 101.15535299992477292 2000
0.75671607225926562634 302.87269629249999525 139.08260969076923175 2000
8.8788289717584376604 348.14435428197884903 209.1458040768060016 2000
1.5304182621829500732 1660.4088544183136946 333.85180135692519343 2000
0 1797.9848620911097896 368.78008638724594448 2000
# Layered model 59581: value=0.0757211
5
3.6186160167820147215 173.4855039537403627 101.15535299992477292 2000
1.1584261013747085833 321.5054701813455722 149.11538271277470358 2000
8.7804410819522615839 351.62579782479866708 209.1458040768060016 2000
0.82740576258297338086 1430.1922947536045285 305.25399737486930007 2000
0 1870.9902574113059472 368.78008638724594448 2000
# Layered model 59948: value=0.0757221
5
3.7282637007065266843 173.4855039537403627 101.15535299992477292 2000
0.77192606531167751172 334.55988150764369493 149.11538271277470358 2000
8.6585698587021298067 344.69738047720676377 209.1458040768060016 2000
0.80307188150159447559 1160.501174934974415 302.23168056917751301 2000
0 1927.6831332011258837 368.78008638724594448 2000
# Layered model 57845: value=0.0757634
5
3.6186160167820147215 173.4855039537403627 101.15535299992477292 2000
0.83701741491917713844 334.55988150764369493 136.34213282106580323 2000
8.8347137892663454295 344.69738047720676377 205.02480548652681591 2000
0.81110260031660885716 1231.895381989611451 305.25399737486930007 2000
0 1815.9647107120208602 368.78008638724594448 2000
# Layered model 59540: value=0.0760581
5
3.691350198719333342 173.4855039537403627 101.15535299992477292 2000
0.85384146495905266505 337.90548032272010914 155.17006520359805677 2000
8.6135679610419479957 344.69738047720676377 207.07505354139206588 2000
0.80307188150159447559 1160.501174934974415 290.43870450698864261 2000
0 1548.6933167115525976 368.78008638724594448 2000
# Layered model 58866: value=0.0762088
5
3.654802176949834891 171.76782569677263268 101.15535299992477292 2000
0.75671607225926562634 324.72052488315904384 140.47343578767691952 2000
8.7472413755112334854 344.69738047720676377 209.1458040768060016 2000
1.2261293379716242669 1503.1464753616198777 330.54633797715365517 2000
0 1908.5971615852729428 368.78008638724594448 2000
# Layered model 58426: value=0.0762577
5
3.654802176949834891 180.52971109113306625 100.1538148514106723 2000
1.1700103623884561266 302.87269629249999525 152.11260190530148861 2000
8.4655346816292471601 344.69738047720676377 205.02480548652681591 2000
1.6786259170144557373 1518.177940115236197 302.23168056917751301 2000
0 1548.6933167115525976 368.78008638724594448 2000
# Layered model 50821: value=0.0763453
5
3.654802176949834891 180.52971109113306625 100.1538148514106723 2000
1.1222399412068884139 302.87269629249999525 152.11260190530148861 2000
8.3817175065636106979 341.28453512594728636 202.99485691735324622 2000
1.8102135132616599122 1473.5285514769334441 305.25399737486930007 2000
0 1503.1464753616198777 368.78008638724594448 2000
# Layered model 58064: value=0.0763957
5
3.691350198719333342 171.76782569677263268 101.15535299992477292 2000
0.94519981739898817352 327.96773013199066327 156.7217658556340325 2000
8.6537972048492157739 348.14435428197884903 211.23726211757403348 2000
0.95211709852945070054 1643.9691627904096549 296.27652246757912735 2000
0 1870.9902574113059472 368.78008638724594448 2000
# Layered model 59052: value=0.0764754
5
3.691350198719333342 173.4855039537403627 101.15535299992477292 2000
0.9915653175601715219 341.28453512594728636 153.63372792435450265 2000
8.6074317046880324256 348.14435428197884903 209.1458040768060016 2000
1.0945417417244200919 1183.8272485511674859 247.69230257121714089 2000
0 1710.720903116043246 368.78008638724594448 2000
# Layered model 57006: value=0.0765441
5
3.691350198719333342 173.4855039537403627 101.15535299992477292 2000
0.67648965198274613186 321.5054701813455722 139.08260969076923175 2000
8.9225073702654587038 348.14435428197884903 207.07505354139206588 2000
0.81110260031660885716 970.1990753847248925 337.19031937049442149 2000
0 1927.6831332011258837 368.78008638724594448 2000
# Layered model 59922: value=0.0766697
5
3.7282637007065266843 182.33500820204440629 100.1538148514106723 2000
1.001480970735773468 305.90142325542501567 153.63372792435450265 2000
8.5606025495252389135 344.69738047720676377 205.02480548652681591 2000
1.2383906313513399766 1219.6983980095162678 270.89742347941893286 2000
0 1710.720903116043246 368.78008638724594448 2000
# Layered model 58662: value=0.0767804
5
3.691350198719333342 173.4855039537403627 101.15535299992477292 2000
0.76428323298185851797 318.32224770430252647 141.8781701455536961 2000
8.7031261930191412546 344.69738047720676377 209.1458040768060016 2000
1.2261293379716242669 1360.7788951376121531 308.30653734861800785 2000
0 1870.9902574113059472 368.78008638724594448 2000
# Layered model 56410: value=0.0768895
5
3.691350198719333342 187.85994128557456406 100.1538148514106723 2000
1.4302855346606433429 299.87395672524752399 153.63372792435450265 2000
8.3016149597972361818 344.69738047720676377 202.99485691735324622 2000
1.3975147899732753842 1533.3597195163886227 270.89742347941893286 2000
0 1660.4088544183136946 368.78008638724594448 2000
# Layered model 54501: value=0.076939
5
3.691350198719333342 173.4855039537403627 101.15535299992477292 2000
0.9915653175601715219 341.28453512594728636 152.11260190530148861 2000
8.6074317046880324256 348.14435428197884903 209.1458040768060016 2000
0.95211709852945070054 1320.7585891284315949 238.02743425063016502 2000
0 1815.9647107120208602 368.78008638724594448 2000
# Layered model 58099: value=0.0769741
5
3.7282637007065266843 173.4855039537403627 101.15535299992477292 2000
0.8623798796086434848 337.90548032272010914 156.7217658556340325 2000
8.6997036406523680085 344.69738047720676377 209.1458040768060016 2000
0.95211709852945070054 1533.3597195163886227 330.54633797715365517 2000
0 1710.720903116043246 368.78008638724594448 2000
# Layered model 58326: value=0.0769953
5
3.6186160167820147215 171.76782569677263268 101.15535299992477292 2000
0.92657564689637128552 318.32224770430252647 143.2969518470092396 2000
8.7451555572891521706 348.14435428197884903 209.1458040768060016 2000
1.5304182621829500732 1548.6933167115525976 317.6485337368184787 2000
0 1927.6831332011258837 368.78008638724594448 2000
# Layered model 59494: value=0.0771503
5
3.6186160167820147215 171.76782569677263268 101.15535299992477292 2000
1.017933999336306794 308.96043748797927719 147.63899278492544909 2000
8.6537972048492157739 348.14435428197884903 211.23726211757403348 2000
0.81110260031660885716 1518.177940115236197 314.50349874932521743 2000
0 1889.7001599854190772 368.78008638724594448 2000
# Layered model 59573: value=0.0771544
5
3.691350198719333342 173.4855039537403627 101.15535299992477292 2000
0.67648965198274613186 331.24740743331057047 141.8781701455536961 2000
8.7909197740182545289 344.69738047720676377 207.07505354139206588 2000
1.2261293379716242669 1388.1305509298781544 314.50349874932521743 2000
0 1908.5971615852729428 368.78008638724594448 2000
# Layered model 59109: value=0.0771713
5
3.654802176949834891 173.4855039537403627 101.15535299992477292 2000
0.93584140336533527815 315.1705422814876556 146.17722057913411504 2000
8.8326071128620426975 351.62579782479866708 207.07505354139206588 2000
0.96163826951474540294 1029.8858686153439521 314.50349874932521743 2000
0 1643.9691627904096549 368.78008638724594448 2000
# Layered model 58437: value=0.0772124
5
3.7282637007065266843 175.2203589932777561 101.15535299992477292 2000
1.001480970735773468 324.72052488315904384 156.7217658556340325 2000
8.4290149532780347386 344.69738047720676377 209.1458040768060016 2000
1.0837046947766548755 1444.494217701140542 262.93037032810690334 2000
0 1548.6933167115525976 368.78008638724594448 2000
# Layered model 58423: value=0.0772318
5
3.7282637007065266843 175.2203589932777561 101.15535299992477292 2000
1.0487784174501966206 337.90548032272010914 156.7217658556340325 2000
8.3817175065636106979 344.69738047720676377 207.07505354139206588 2000
1.0837046947766548755 1294.7344271428601132 290.43870450698864261 2000
0 1564.1802498786680644 368.78008638724594448 2000
# Layered model 56892: value=0.0772324
5
3.691350198719333342 171.76782569677263268 101.15535299992477292 2000
0.8992933815958368271 318.32224770430252647 156.7217658556340325 2000
8.6997036406523680085 351.62579782479866708 211.23726211757403348 2000
0.95211709852945070054 1019.6889788270731287 305.25399737486930007 2000
0 1797.9848620911097896 368.78008638724594448 2000
# Layered model 58123: value=0.0772668
5
3.691350198719333342 187.85994128557456406 100.1538148514106723 2000
0.76428323298185851797 253.20681809626509562 129.72486115436603882 2000
9.2374246004088824691 351.62579782479866708 202.99485691735324622 2000
1.5767914659453570181 1071.7033647234597993 333.85180135692519343 2000
0 1660.4088544183136946 368.78008638724594448 2000
# Layered model 58109: value=0.0773044
5
3.654802176949834891 171.76782569677263268 101.15535299992477292 2000
0.98174783916848662457 327.96773013199066327 153.63372792435450265 2000
8.7867006770588922393 351.62579782479866708 209.1458040768060016 2000
1.1054871591416652876 1564.1802498786680644 330.54633797715365517 2000
0 1710.720903116043246 368.78008638724594448 2000
# Layered model 55101: value=0.077316
5
3.691350198719333342 182.33500820204440629 100.1538148514106723 2000
1.2796589853734481323 291.05470801760606037 159.87187334933227589 2000
8.1877504406275534166 344.69738047720676377 205.02480548652681591 2000
1.0837046947766548755 1416.0319750035687321 273.60639771421313071 2000
0 1660.4088544183136946 368.78008638724594448 2000
# Layered model 59984: value=0.0773347
5
3.6186160167820147215 170.067154155220436 101.15535299992477292 2000
0.97202756353315544757 321.5054701813455722 150.60653653990246426 2000
8.6997036406523680085 348.14435428197884903 211.23726211757403348 2000
1.0945417417244200919 1219.6983980095162678 330.54633797715365517 2000
0 1852.4656013973324207 368.78008638724594448 2000
# Layered model 58899: value=0.0774541
5
3.5473149855720169654 171.76782569677263268 101.15535299992477292 2000
1.0892350305463045501 315.1705422814876556 139.08260969076923175 2000
8.522209608602011599 344.69738047720676377 209.1458040768060016 2000
1.8102135132616599122 1388.1305509298781544 311.38960272210420044 2000
0 1908.5971615852729428 368.78008638724594448 2000
# Layered model 57012: value=0.0775793
5
3.691350198719333342 182.33500820204440629 100.1538148514106723 2000
1.1817104660123405324 308.96043748797927719 153.63372792435450265 2000
8.5501900284455381041 344.69738047720676377 205.02480548652681591 2000
1.1054871591416652876 1595.6202729012293275 279.10588630826879353 2000
0 1693.7830723921217668 368.78008638724594448 2000
# Layered model 58003: value=0.0775977
5
3.654802176949834891 171.76782569677263268 101.15535299992477292 2000
1.028113339329669973 327.96773013199066327 152.11260190530148861 2000
8.6074317046880324256 348.14435428197884903 211.23726211757403348 2000
1.0945417417244200919 1207.6221762470458998 317.6485337368184787 2000
0 1745.106393268675447 368.78008638724594448 2000
# Layered model 59935: value=0.0777018
5
3.7282637007065266843 173.4855039537403627 101.15535299992477292 2000
0.90828631541179483122 331.24740743331057047 163.08529800365386109 2000
8.522209608602011599 348.14435428197884903 209.1458040768060016 2000
0.94269019656381303207 1071.7033647234597993 276.34246169135525406 2000
0 1488.263836991702874 368.78008638724594448 2000
# Layered model 56551: value=0.077723
5
3.6186160167820147215 175.2203589932777561 101.15535299992477292 2000
1.1111286546602854308 327.96773013199066327 144.72992136547932773 2000
8.5606025495252389135 344.69738047720676377 205.02480548652681591 2000
1.0945417417244200919 923.11113037635902856 320.82501907418668452 2000
0 1889.7001599854190772 368.78008638724594448 2000
# Layered model 59008: value=0.077729
5
3.654802176949834891 171.76782569677263268 101.15535299992477292 2000
0.75671607225926562634 337.90548032272010914 141.8781701455536961 2000
8.7472413755112334854 344.69738047720676377 209.1458040768060016 2000
0.80307188150159447559 1564.1802498786680644 305.25399737486930007 2000
0 1815.9647107120208602 368.78008638724594448 2000
# Layered model 58243: value=0.0778356
5
3.691350198719333342 171.76782569677263268 101.15535299992477292 2000
0.94519981739898817352 334.55988150764369493 156.7217658556340325 2000
8.6537972048492157739 348.14435428197884903 211.23726211757403348 2000
0.95211709852945070054 1643.9691627904096549 302.23168056917751301 2000
0 1815.9647107120208602 368.78008638724594448 2000
# Layered model 55742: value=0.0778408
5
3.654802176949834891 175.2203589932777561 101.15535299992477292 2000
0.84538758906836930507 327.96773013199066327 140.47343578767691952 2000
8.7901574549493339816 344.69738047720676377 205.02480548652681591 2000
0.95211709852945070054 1430.1922947536045285 284.71591462306503217 2000
0 1780.1830317733758875 368.78008638724594448 2000
# Layered model 56325: value=0.0780192
5
3.7655463377135918179 176.97256258321053224 101.15535299992477292 2000
0.91736917856591304599 321.5054701813455722 156.7217658556340325 2000
8.4758441084408282507 344.69738047720676377 207.07505354139206588 2000
0.80307188150159447559 1595.6202729012293275 281.89694517135148999 2000
0 1611.5764756302417027 368.78008638724594448 2000
# Layered model 58957: value=0.078067
5
3.654802176949834891 173.4855039537403627 101.15535299992477292 2000
1.1222399412068884139 327.96773013199066327 155.17006520359805677 2000
8.7804410819522615839 351.62579782479866708 209.1458040768060016 2000
1.4114899378730090262 1388.1305509298781544 337.19031937049442149 2000
0 1677.0129429624969362 368.78008638724594448 2000
# Layered model 59086: value=0.0781239
5
3.654802176949834891 173.4855039537403627 101.15535299992477292 2000
0.8903894867285511161 308.96043748797927719 147.63899278492544909 2000
8.7451555572891521706 348.14435428197884903 209.1458040768060016 2000
0.95211709852945070054 1488.263836991702874 302.23168056917751301 2000
0 1815.9647107120208602 368.78008638724594448 2000
# Layered model 52823: value=0.0782962
5
3.691350198719333342 173.4855039537403627 101.15535299992477292 2000
0.72016805048976717529 321.5054701813455722 143.2969518470092396 2000
8.7472413755112334854 344.69738047720676377 209.1458040768060016 2000
1.2261293379716242669 1430.1922947536045285 314.50349874932521743 2000
0 1946.9599645331365991 368.78008638724594448 2000
# Layered model 59162: value=0.0783192
5
3.7282637007065266843 182.33500820204440629 100.1538148514106723 2000
1.0965488386317643332 318.32224770430252647 153.63372792435450265 2000
8.5984381538389218491 344.69738047720676377 202.99485691735324622 2000
1.1054871591416652876 1473.5285514769334441 273.60639771421313071 2000
0 1643.9691627904096549 368.78008638724594448 2000
# Layered model 58425: value=0.0783394
5
3.6186160167820147215 173.4855039537403627 101.15535299992477292 2000
0.83701741491917713844 337.90548032272010914 132.33233086356881358 2000
8.8347137892663454295 344.69738047720676377 207.07505354139206588 2000
0.95211709852945070054 1244.2143358095074746 305.25399737486930007 2000
0 1677.0129429624969362 368.78008638724594448 2000
# Layered model 59393: value=0.0783955
5
3.654802176949834891 171.76782569677263268 101.15535299992477292 2000
0.8903894867285511161 315.1705422814876556 149.11538271277470358 2000
8.7451555572891521706 348.14435428197884903 211.23726211757403348 2000
0.95211709852945070054 1388.1305509298781544 311.38960272210420044 2000
0 1870.9902574113059472 368.78008638724594448 2000
# Layered model 56638: value=0.0783971
5
3.5827881354277373305 170.067154155220436 101.15535299992477292 2000
1.1001273808517675334 337.90548032272010914 150.60653653990246426 2000
8.8745676838294791366 351.62579782479866708 209.1458040768060016 2000
0.82740576258297338086 1595.6202729012293275 314.50349874932521743 2000
0 1870.9902574113059472 368.78008638724594448 2000
# Layered model 58569: value=0.0783996
5
3.654802176949834891 171.76782569677263268 101.15535299992477292 2000
0.8903894867285511161 308.96043748797927719 149.11538271277470358 2000
8.7451555572891521706 348.14435428197884903 211.23726211757403348 2000
0.81110260031660885716 1416.0319750035687321 305.25399737486930007 2000
0 1870.9902574113059472 368.78008638724594448 2000
# Layered model 56283: value=0.0784105
5
3.6186160167820147215 173.4855039537403627 101.15535299992477292 2000
1.0642994994974901424 315.1705422814876556 147.63899278492544909 2000
8.8745676838294791366 351.62579782479866708 209.1458040768060016 2000
0.82740576258297338086 1503.1464753616198777 317.6485337368184787 2000
0 1889.7001599854190772 368.78008638724594448 2000
# Layered model 58498: value=0.0784487
5
3.691350198719333342 173.4855039537403627 101.15535299992477292 2000
0.80883956729887085402 324.72052488315904384 147.63899278492544909 2000
8.6585698587021298067 344.69738047720676377 209.1458040768060016 2000
0.94269019656381303207 1231.895381989611451 308.30653734861800785 2000
0 1986.0938598202526464 368.78008638724594448 2000
# Layered model 57371: value=0.0784699
5
3.6186160167820147215 171.76782569677263268 101.15535299992477292 2000
0.97202756353315544757 308.96043748797927719 144.72992136547932773 2000
8.8326071128620426975 351.62579782479866708 211.23726211757403348 2000
1.5457224448047810483 1402.0118564391768814 311.38960272210420044 2000
0 1870.9902574113059472 368.78008638724594448 2000
# Layered model 59678: value=0.0785306
5
3.6186160167820147215 173.4855039537403627 101.15535299992477292 2000
0.83701741491917713844 334.55988150764369493 139.08260969076923175 2000
8.9676172614760218949 348.14435428197884903 207.07505354139206588 2000
0.81921362631977601154 1307.6817714142887326 281.89694517135148999 2000
0 1745.106393268675447 368.78008638724594448 2000
# Layered model 59903: value=0.0785866
5
3.7282637007065266843 173.4855039537403627 101.15535299992477292 2000
0.72736973099466517567 299.87395672524752399 146.17722057913411504 2000
9.1018497684077921406 358.69347636107715971 211.23726211757403348 2000
1.4114899378730090262 1050.5865745745122695 324.03326926492854909 2000
0 1710.720903116043246 368.78008638724594448 2000
# Layered model 58809: value=0.0786395
5
3.7655463377135918179 185.99994186690551601 100.1538148514106723 2000
1.3053801309794543783 288.17297823525353806 158.28898351419036317 2000
8.2194207522744910932 351.62579782479866708 205.02480548652681591 2000
0.81110260031660885716 620.0104882342889141 245.23990353585855928 2000
0 1677.0129429624969362 368.78008638724594448 2000
# Layered model 57849: value=0.0789315
5
3.5827881354277373305 170.067154155220436 101.15535299992477292 2000
0.91740163059046686556 305.90142325542501567 141.8781701455536961 2000
8.6585698587021298067 348.14435428197884903 211.23726211757403348 2000
1.5152656061217335548 1374.3866840889882042 317.6485337368184787 2000
0 1852.4656013973324207 368.78008638724594448 2000
# Layered model 55665: value=0.078989
5
3.691350198719333342 173.4855039537403627 101.15535299992477292 2000
0.76428323298185851797 331.24740743331057047 140.47343578767691952 2000
9.1018497684077921406 351.62579782479866708 209.1458040768060016 2000
1.1165420307330826688 1374.3866840889882042 311.38960272210420044 2000
0 1908.5971615852729428 368.78008638724594448 2000
# Layered model 52328: value=0.0790095
5
3.7655463377135918179 201.41128429701171854 99.162192922188779676 2000
0.7346434283046123781 266.12291057301712272 140.47343578767691952 2000
8.7901574549493339816 358.69347636107715971 193.14264111750304664 2000
2.4421939867284727654 473.93845020122256528 284.71591462306503217 2000
0 1627.6922403865441993 372.46788725111838403 2000
# Layered model 57969: value=0.0791144
5
3.5827881354277373305 173.4855039537403627 101.15535299992477292 2000
0.87284529627345452951 312.05004186285907508 131.02210976590970404 2000
9.1018497684077921406 351.62579782479866708 207.07505354139206588 2000
0.97125465220989326554 1710.720903116043246 305.25399737486930007 2000
0 1834.1243578191408687 368.78008638724594448 2000
# Layered model 57758: value=0.0791174
5
3.7282637007065266843 171.76782569677263268 101.15535299992477292 2000
0.77192606531167751172 334.55988150764369493 153.63372792435450265 2000
8.7901574549493339816 348.14435428197884903 211.23726211757403348 2000
0.81110260031660885716 1745.106393268675447 317.6485337368184787 2000
0 1908.5971615852729428 368.78008638724594448 2000
# Layered model 56994: value=0.0791645
5
3.5121930550217990152 175.2203589932777561 101.15535299992477292 2000
1.1243569610965225003 318.32224770430252647 134.99221071392653926 2000
8.7867006770588922393 344.69738047720676377 205.02480548652681591 2000
1.3975147899732753842 1488.263836991702874 302.23168056917751301 2000
0 1797.9848620911097896 368.78008638724594448 2000
# Layered model 59003: value=0.079254
5
3.841233819101634861 189.73854069843031311 100.1538148514106723 2000
1.0318268456300390135 285.31978043094409259 161.47059208282558984 2000
8.4172865562358651914 344.69738047720676377 200.98500684886460022 2000
0.81110260031660885716 1374.3866840889882042 290.43870450698864261 2000
0 1727.828112147203683 368.78008638724594448 2000
# Layered model 56340: value=0.0793073
5
3.6186160167820147215 171.76782569677263268 101.15535299992477292 2000
0.97202756353315544757 312.05004186285907508 143.2969518470092396 2000
8.6997036406523680085 348.14435428197884903 211.23726211757403348 2000
1.2383906313513399766 1579.8220523774548383 317.6485337368184787 2000
0 1852.4656013973324207 368.78008638724594448 2000
# Layered model 59762: value=0.079323
5
3.7282637007065266843 173.4855039537403627 101.15535299992477292 2000
0.8623798796086434848 341.28453512594728636 153.63372792435450265 2000
8.6997036406523680085 344.69738047720676377 209.1458040768060016 2000
0.81110260031660885716 1294.7344271428601132 340.56222256419937366 2000
0 1595.6202729012293275 368.78008638724594448 2000
# Layered model 58105: value=0.07936
5
3.654802176949834891 173.4855039537403627 101.15535299992477292 2000
1.028113339329669973 305.90142325542501567 152.11260190530148861 2000
8.6074317046880324256 348.14435428197884903 209.1458040768060016 2000
0.81110260031660885716 1693.7830723921217668 314.50349874932521743 2000
0 1946.9599645331365991 368.78008638724594448 2000
# Layered model 54677: value=0.0793632
5
3.691350198719333342 175.2203589932777561 101.15535299992477292 2000
0.85384146495905266505 315.1705422814876556 143.2969518470092396 2000
9.0122915364305988817 355.14205580304667365 209.1458040768060016 2000
1.5611796692528283614 1009.5930483436369514 308.30653734861800785 2000
0 1627.6922403865441993 368.78008638724594448 2000
# Layered model 55946: value=0.0794147
5
3.654802176949834891 171.76782569677263268 101.15535299992477292 2000
0.93584140336533527815 312.05004186285907508 147.63899278492544909 2000
8.6997036406523680085 348.14435428197884903 211.23726211757403348 2000
0.95211709852945070054 1503.1464753616198777 308.30653734861800785 2000
0 1870.9902574113059472 368.78008638724594448 2000
# Layered model 59502: value=0.0794532
5
3.691350198719333342 171.76782569677263268 101.15535299992477292 2000
0.94519981739898817352 327.96773013199066327 158.28898351419036317 2000
8.6537972048492157739 348.14435428197884903 211.23726211757403348 2000
0.95211709852945070054 1745.106393268675447 314.50349874932521743 2000
0 1889.7001599854190772 368.78008638724594448 2000
# Layered model 58380: value=0.0795806
5
3.654802176949834891 173.4855039537403627 101.15535299992477292 2000
0.93584140336533527815 331.24740743331057047 143.2969518470092396 2000
8.5681160444051638336 344.69738047720676377 209.1458040768060016 2000
1.9599032446414792474 1294.7344271428601132 302.23168056917751301 2000
0 1986.0938598202526464 368.78008638724594448 2000
# Layered model 57615: value=0.0796675
5
3.654802176949834891 173.4855039537403627 101.15535299992477292 2000
1.2182584877818389835 308.96043748797927719 153.63372792435450265 2000
8.5501900284455381041 351.62579782479866708 211.23726211757403348 2000
0.81921362631977601154 960.5931439452720042 324.03326926492854909 2000
0 1762.5574572013624675 368.78008638724594448 2000
# Layered model 55940: value=0.079672
5
3.691350198719333342 173.4855039537403627 101.15535299992477292 2000
0.8992933815958368271 312.05004186285907508 149.11538271277470358 2000
8.6997036406523680085 348.14435428197884903 209.1458040768060016 2000
1.0945417417244200919 1402.0118564391768814 308.30653734861800785 2000
0 1852.4656013973324207 368.78008638724594448 2000
# Layered model 54734: value=0.0796935
5
3.691350198719333342 173.4855039537403627 101.15535299992477292 2000
0.8992933815958368271 305.90142325542501567 147.63899278492544909 2000
8.6997036406523680085 348.14435428197884903 211.23726211757403348 2000
0.95211709852945070054 1797.9848620911097896 314.50349874932521743 2000
0 1852.4656013973324207 368.78008638724594448 2000
# Layered model 59789: value=0.079702
5
3.691350198719333342 171.76782569677263268 101.15535299992477292 2000
0.76428323298185851797 337.90548032272010914 149.11538271277470358 2000
8.7031261930191412546 344.69738047720676377 209.1458040768060016 2000
1.0837046947766548755 1244.2143358095074746 302.23168056917751301 2000
0 1966.4295641784678992 368.78008638724594448 2000
# Layered model 56844: value=0.0797211
5
3.691350198719333342 175.2203589932777561 101.15535299992477292 2000
1.0383944727229668104 308.96043748797927719 150.60653653990246426 2000
8.4290149532780347386 344.69738047720676377 209.1458040768060016 2000
1.3699782275985441515 1579.8220523774548383 305.25399737486930007 2000
0 1797.9848620911097896 368.78008638724594448 2000
# Layered model 58816: value=0.0797737
5
3.654802176949834891 175.2203589932777561 101.15535299992477292 2000
1.1222399412068884139 315.1705422814876556 150.60653653990246426 2000
8.5133051028108148728 344.69738047720676377 207.07505354139206588 2000
1.0945417417244200919 1360.7788951376121531 320.82501907418668452 2000
0 1815.9647107120208602 368.78008638724594448 2000
# Layered model 59739: value=0.0797882
5
3.7655463377135918179 180.52971109113306625 100.1538148514106723 2000
0.8710036784047296976 288.17297823525353806 156.7217658556340325 2000
8.6537972048492157739 348.14435428197884903 207.07505354139206588 2000
0.95211709852945070054 1219.6983980095162678 293.34309155205852448 2000
0 1780.1830317733758875 368.78008638724594448 2000
# Layered model 55039: value=0.0798452
5
3.691350198719333342 171.76782569677263268 101.15535299992477292 2000
0.85384146495905266505 321.5054701813455722 155.17006520359805677 2000
8.7451555572891521706 348.14435428197884903 211.23726211757403348 2000
0.81110260031660885716 1745.106393268675447 308.30653734861800785 2000
0 1889.7001599854190772 368.78008638724594448 2000
# Layered model 59882: value=0.0798586
5
3.691350198719333342 173.4855039537403627 101.15535299992477292 2000
0.76428323298185851797 324.72052488315904384 140.47343578767691952 2000
8.7031261930191412546 344.69738047720676377 209.1458040768060016 2000
1.3699782275985441515 1473.5285514769334441 305.25399737486930007 2000
0 1946.9599645331365991 368.78008638724594448 2000
# Layered model 57107: value=0.079944
5
3.7282637007065266843 175.2203589932777561 101.15535299992477292 2000
1.1447969640251471901 341.28453512594728636 159.87187334933227589 2000
8.4172865562358651914 344.69738047720676377 209.1458040768060016 2000
1.0945417417244200919 1388.1305509298781544 270.89742347941893286 2000
0 1660.4088544183136946 368.78008638724594448 2000
