# 60000 /scratch/04709/vantaj94/Reports_2020-02-17/VS2_Tar5_LR20_Sd1.report
# Layered model 46288: value=0.0963461
7
0.80540636966533807328 296.904907648759945 95.29291831403645574 2000
1.389361172111156506 331.24740743331057047 99.162192922188779676 2000
2.1838141666488217751 528.75812715712061163 101.15535299992477292 2000
10.385317570067240212 678.09633989168196422 178.36398861793642823 2000
4.0935459967338996279 764.0959286308228684 305.25399737486930007 2000
24.191947369582205596 1009.5930483436369514 311.38960272210420044 2000
0 1219.6983980095162678 387.59157706974167468 2000
# Layered model 50050: value=0.123468
7
0.70067371707001668835 175.2203589932777561 97.20830597214859381 2000
1.6997112203365931649 205.45965111138164616 101.15535299992477292 2000
2.0219825881029596104 595.81789256634613139 104.22046135117548715 2000
9.2118457565970199852 719.81292884380513897 180.14762850411580075 2000
10.309738366642882568 932.34224168012246992 273.60639771421313071 2000
20.853418965502928728 1172.1061866843242569 333.85180135692519343 2000
0 1503.1464753616198777 376.19256612362960368 2000
# Layered model 56524: value=0.137764
7
0.78171948747534747426 175.2203589932777561 100.1538148514106723 2000
1.869798823887783179 253.20681809626509562 102.16690652992402022 2000
1.7708492141464389213 473.93845020122256528 105.26266596468724401 2000
9.7654494890458085621 566.90028083904257983 180.14762850411580075 2000
14.452680308059861147 979.90106613857187767 299.23928769225494761 2000
14.408895322193423283 1660.4088544183136946 337.19031937049442149 2000
0 1677.0129429624969362 376.19256612362960368 2000
# Layered model 59353: value=0.152823
7
0.77397969056965099099 220.28055538808459346 97.20830597214859381 2000
2.0688068278018434398 268.78413967874729451 98.180389031870078043 2000
1.3232837375777313227 513.20742885537379152 103.18857559522325573 2000
9.7421907131277052372 684.87730329059877477 174.84951339862408304 2000
16.494204062113134057 1183.8272485511674859 293.34309155205852448 2000
18.591759464600958296 1430.1922947536045285 337.19031937049442149 2000
0 1564.1802498786680644 379.95449178486586561 2000
# Layered model 50244: value=0.154089
7
0.79743204917360199779 266.12291057301712272 93.415271359706366638 2000
1.9344299185421427456 384.56795657687092671 100.1538148514106723 2000
1.8245077161842906399 645.1854002986588057 104.22046135117548715 2000
9.9166224526479069823 803.07250023148708351 178.36398861793642823 2000
9.2338906839960888107 827.40640006100136361 290.43870450698864261 2000
18.076433554776052404 1115.2188188617246851 320.82501907418668452 2000
0 1745.106393268675447 376.19256612362960368 2000
# Layered model 58692: value=0.155022
7
0.79743204917360199779 248.21764346266547818 98.180389031870078043 2000
2.1903651519236264633 348.14435428197884903 99.162192922188779676 2000
1.5685724828028067002 396.2207502291066703 105.26266596468724401 2000
9.6314473306553427534 878.30856640098556909 180.14762850411580075 2000
11.483340017209862083 979.90106613857187767 281.89694517135148999 2000
24.307851376391184317 1244.2143358095074746 337.19031937049442149 2000
0 1745.106393268675447 376.19256612362960368 2000
# Layered model 48956: value=0.162033
7
0.68686767676700000163 205.45965111138164616 93.415271359706366638 2000
1.9646506345961305406 412.3089015336167904 100.1538148514106723 2000
1.8150728894015348835 544.78002716810840411 102.16690652992402022 2000
10.151130857148757514 852.47764138925003863 180.14762850411580075 2000
9.3262295908360499652 1093.244602354401195 290.43870450698864261 2000
18.679209385714546698 1172.1061866843242569 311.38960272210420044 2000
0 1834.1243578191408687 376.19256612362960368 2000
# Layered model 58337: value=0.162074
7
0.76631652531648608573 231.51707755448666148 97.20830597214859381 2000
0.94509394346786468333 442.0509493225987967 98.180389031870078043 2000
2.6238189454981402093 844.03726870222760681 102.16690652992402022 2000
9.2989838678240985814 970.1990753847248925 173.1183300976476005 2000
13.88874170113938078 1172.1061866843242569 281.89694517135148999 2000
22.456053424910454197 1219.6983980095162678 337.19031937049442149 2000
0 1473.5285514769334441 379.95449178486586561 2000
# Layered model 56797: value=0.163922
7
0.68686767676700000163 211.68528399970762166 95.29291831403645574 2000
2.0179461526545292571 271.47198107553475666 100.1538148514106723 2000
1.5449944386722762601 595.81789256634613139 101.15535299992477292 2000
10.079886916607126324 895.96256858564538561 176.59800853261032216 2000
11.857452103402787102 1269.2230439592785842 296.27652246757912735 2000
18.610223326148680911 1430.1922947536045285 314.50349874932521743 2000
0 1927.6831332011258837 372.46788725111838403 2000
# Layered model 53210: value=0.164539
7
0.73641511848151164354 245.76004303234205395 93.415271359706366638 2000
1.9954468492342329888 376.99044856079888177 100.1538148514106723 2000
1.5604443830589986852 678.09633989168196422 101.15535299992477292 2000
10.180685785773199825 803.07250023148708351 174.84951339862408304 2000
8.3088562829522185638 1093.244602354401195 299.23928769225494761 2000
22.463495900894766777 1320.7585891284315949 314.50349874932521743 2000
0 1627.6922403865441993 379.95449178486586561 2000
# Layered model 58656: value=0.168728
7
0.71475725878312412753 195.48780822013344505 98.180389031870078043 2000
2.2434577918081917147 258.29627513999997745 101.15535299992477292 2000
1.3770143636911753582 473.93845020122256528 102.16690652992402022 2000
10.137762722265451387 550.22782743978950748 180.14762850411580075 2000
12.507651901532609529 951.08232073789292826 299.23928769225494761 2000
22.998364370075872642 1183.8272485511674859 350.88159847011718284 2000
0 1852.4656013973324207 372.46788725111838403 2000
# Layered model 53970: value=0.172942
7
0.68006700669999997633 215.94015820810176365 94.34942407330342462 2000
2.0791135806929021967 344.69738047720676377 100.1538148514106723 2000
1.4906276807009035679 523.52289817536689043 101.15535299992477292 2000
9.7975353106738936049 691.72607632350479889 176.59800853261032216 2000
10.622133748890531635 1172.1061866843242569 281.89694517135148999 2000
16.290542646187549991 1503.1464753616198777 324.03326926492854909 2000
0 1870.9902574113059472 368.78008638724594448 2000
# Layered model 58657: value=0.176354
7
0.68686767676700000163 209.58939009872042902 91.574621468195630314 2000
2.0449942909487446308 276.92856789515303717 100.1538148514106723 2000
1.6905055577938248312 400.18295773139772109 103.18857559522325573 2000
10.195354532403852588 433.34079925752257623 183.76859583704853662 2000
4.81112266659766874 1040.1847273014973325 311.38960272210420044 2000
21.531175249334690847 1082.4203983706943291 324.03326926492854909 2000
0 1256.6564791676025834 383.75403670271452938 2000
# Layered model 52601: value=0.176379
7
0.75121706236299001791 250.69981989729214433 96.245847497176825414 2000
2.0355553309038412202 483.46461305026713262 99.162192922188779676 2000
1.9076598484250584242 779.45425679630238847 105.26266596468724401 2000
9.2138287273850423276 887.09165206499551459 180.14762850411580075 2000
8.8735874504232299387 999.59707756795728528 268.21527077170190978 2000
18.587771754084077003 1040.1847273014973325 317.6485337368184787 2000
0 1815.9647107120208602 376.19256612362960368 2000
# Layered model 56863: value=0.176572
7
0.71475725878312412753 229.22482926186793861 95.29291831403645574 2000
1.9105083960318565151 248.21764346266547818 100.1538148514106723 2000
1.7099637594675103358 266.12291057301712272 105.26266596468724401 2000
9.163991657110171829 698.64333708673984802 181.94910478915696217 2000
6.5183370771158397616 1137.6347171208453801 268.21527077170190978 2000
22.183591390564782131 1710.720903116043246 317.6485337368184787 2000
0 1889.7001599854190772 376.19256612362960368 2000
# Layered model 52436: value=0.177214
7
0.75121706236299001791 213.80213683970470129 96.245847497176825414 2000
1.9268164321137719597 220.28055538808459346 98.180389031870078043 2000
1.6142728562979815621 539.38616551297866408 104.22046135117548715 2000
9.8955106637806338199 1040.1847273014973325 176.59800853261032216 2000
14.452680308059861147 1294.7344271428601132 290.43870450698864261 2000
17.975826176031972636 1320.7585891284315949 333.85180135692519343 2000
0 1374.3866840889882042 372.46788725111838403 2000
# Layered model 43978: value=0.178006
7
0.72190483137095540211 243.32677527954658103 96.245847497176825414 2000
1.0768047711677497524 459.99999048940310331 98.180389031870078043 2000
2.5365198117437861569 658.15362684466185783 101.15535299992477292 2000
10.282492643630931184 960.5931439452720042 176.59800853261032216 2000
9.8075030189759146992 979.90106613857187767 287.56307376929566999 2000
25.05894166385959565 1172.1061866843242569 333.85180135692519343 2000
0 1458.9391598781519406 376.19256612362960368 2000
# Layered model 55604: value=0.178468
7
0.71475725878312412753 193.55228536646876591 96.245847497176825414 2000
1.1201064067666091084 305.90142325542501567 98.180389031870078043 2000
2.6317275352149325229 651.63725430164538466 103.18857559522325573 2000
10.444947070512817788 727.01105813224319263 178.36398861793642823 2000
15.18991225465327588 811.10322523380193616 311.38960272210420044 2000
19.877557882225666219 970.1990753847248925 327.27360195757785277 2000
0 1219.6983980095162678 387.59157706974167468 2000
# Layered model 53006: value=0.181181
7
0.68686767676700000163 197.44268630233477779 93.415271359706366638 2000
1.73752111001367604 299.87395672524752399 101.15535299992477292 2000
2.0422024139839893841 355.14205580304667365 103.18857559522325573 2000
8.6356197758263135711 626.21059311663179869 180.14762850411580075 2000
8.3593207772827291535 951.08232073789292826 250.1692255969292944 2000
28.022634986875225138 1183.8272485511674859 337.19031937049442149 2000
0 1333.9661750197158199 379.95449178486586561 2000
# Layered model 56215: value=0.181528
7
0.67333366999999999525 182.33500820204440629 94.34942407330342462 2000
2.0046998244767619823 260.87923789139995279 102.16690652992402022 2000
1.9238998862622738173 392.29777250406596067 106.31529262433411986 2000
10.161965897753521659 719.81292884380513897 181.94910478915696217 2000
12.759055704753412996 1115.2188188617246851 299.23928769225494761 2000
18.631820757988894144 1374.3866840889882042 333.85180135692519343 2000
0 1488.263836991702874 379.95449178486586561 2000
# Layered model 55611: value=0.183043
7
0.68006700669999997633 193.55228536646876591 95.29291831403645574 2000
1.9451986481149807773 483.46461305026713262 101.15535299992477292 2000
1.9766677259240550413 550.22782743978950748 103.18857559522325573 2000
10.015788677174386478 705.62977045760726469 181.94910478915696217 2000
6.2126292218326994998 1009.5930483436369514 293.34309155205852448 2000
23.084334157223192818 1444.494217701140542 311.38960272210420044 2000
0 1693.7830723921217668 383.75403670271452938 2000
# Layered model 48738: value=0.184013
7
0.69373635353467000275 184.1583582840648603 98.180389031870078043 2000
1.1049732490040349298 231.51707755448666148 100.1538148514106723 2000
2.4510986655551008084 318.32224770430252647 102.16690652992402022 2000
10.367913789819617421 771.73688791713107094 180.14762850411580075 2000
13.458444320495793534 1061.0924403202573103 299.23928769225494761 2000
19.477145222560810822 1219.6983980095162678 327.27360195757785277 2000
0 1852.4656013973324207 372.46788725111838403 2000
# Layered model 57786: value=0.184695
7
0.69373635353467000275 182.33500820204440629 94.34942407330342462 2000
2.2940608475625587914 245.76004303234205395 101.15535299992477292 2000
1.3907845073280875603 473.93845020122256528 102.16690652992402022 2000
10.385317570067240212 658.15362684466185783 183.76859583704853662 2000
8.9429835420514738331 1093.244602354401195 296.27652246757912735 2000
20.207802616425283304 1149.0110642920537884 330.54633797715365517 2000
0 1430.1922947536045285 372.46788725111838403 2000
# Layered model 58353: value=0.184995
7
0.79743204917360199779 193.55228536646876591 96.245847497176825414 2000
2.0172080680258970276 233.83224833003146159 101.15535299992477292 2000
1.7417295667005361359 400.18295773139772109 107.37844555057746732 2000
9.4909738948676647396 632.47269904779807348 181.94910478915696217 2000
10.136047586469265624 1093.244602354401195 276.34246169135525406 2000
25.300775575511966764 1320.7585891284315949 340.56222256419937366 2000
0 1852.4656013973324207 372.46788725111838403 2000
# Layered model 57644: value=0.185242
7
0.71475725878312412753 255.73888627722772071 96.245847497176825414 2000
1.232987495803531619 412.3089015336167904 99.162192922188779676 2000
2.3874846596958354539 852.47764138925003863 100.1538148514106723 2000
9.7121141644852091446 895.96256858564538561 176.59800853261032216 2000
11.117990243176462783 941.66566409692381967 287.56307376929566999 2000
22.387977779025863612 1503.1464753616198777 327.27360195757785277 2000
0 1548.6933167115525976 372.46788725111838403 2000
# Layered model 59764: value=0.185826
7
0.73641511848151164354 250.69981989729214433 94.34942407330342462 2000
1.3518308897918340783 380.76035304640686263 99.162192922188779676 2000
2.3341215172362237418 756.53062240675535577 102.16690652992402022 2000
9.4858934435673614161 941.66566409692381967 178.36398861793642823 2000
14.732236353538308293 960.5931439452720042 279.10588630826879353 2000
15.713334968723771112 1388.1305509298781544 340.56222256419937366 2000
0 1444.494217701140542 376.19256612362960368 2000
# Layered model 48583: value=0.187171
7
0.68686767676700000163 201.41128429701171854 93.415271359706366638 2000
2.0179461526545292571 308.96043748797927719 102.16690652992402022 2000
1.7617773713431361671 380.76035304640686263 105.26266596468724401 2000
9.0326298706279963824 734.28116871356564843 178.36398861793642823 2000
10.207661749151368369 1050.5865745745122695 270.89742347941893286 2000
24.321961896435695394 1458.9391598781519406 330.54633797715365517 2000
0 1503.1464753616198777 379.95449178486586561 2000
# Layered model 56404: value=0.187513
7
0.78171948747534747426 231.51707755448666148 92.490367682877590028 2000
1.6913995139196202899 233.83224833003146159 100.1538148514106723 2000
1.7346119571137506021 749.04022020470824827 101.15535299992477292 2000
9.9800860560466588822 795.12128735790793144 176.59800853261032216 2000
10.237408062333958725 1256.6564791676025834 296.27652246757912735 2000
20.372145537363063994 1473.5285514769334441 314.50349874932521743 2000
0 1533.3597195163886227 383.75403670271452938 2000
# Layered model 57077: value=0.187625
7
0.69373635353467000275 229.22482926186793861 92.490367682877590028 2000
1.9577819578284607616 258.29627513999997745 100.1538148514106723 2000
1.7270633970621855902 400.18295773139772109 102.16690652992402022 2000
9.6687618703423829913 607.79383220692966461 180.14762850411580075 2000
8.9623233249274623091 1040.1847273014973325 281.89694517135148999 2000
17.950353070150619317 1503.1464753616198777 330.54633797715365517 2000
0 1727.828112147203683 376.19256612362960368 2000
# Layered model 59144: value=0.188495
7
0.88966969587944799702 220.28055538808459346 94.34942407330342462 2000
1.2618522546905888149 376.99044856079888177 99.162192922188779676 2000
2.315069250194628836 632.47269904779807348 102.16690652992402022 2000
10.006400935783275941 712.68606816218334643 180.14762850411580075 2000
7.6388454909998930731 819.2142574861400135 284.71591462306503217 2000
20.511323406916183387 1294.7344271428601132 320.82501907418668452 2000
0 1762.5574572013624675 372.46788725111838403 2000
# Layered model 59177: value=0.188507
7
0.92579385310763406824 258.29627513999997745 95.29291831403645574 2000
1.8060681146081107862 291.05470801760606037 99.162192922188779676 2000
1.7347292330489207934 664.73516311310845595 106.31529262433411986 2000
10.006400935783275941 1244.2143358095074746 178.36398861793642823 2000
12.77745834191341423 1269.2230439592785842 290.43870450698864261 2000
13.30402474316813155 1430.1922947536045285 324.03326926492854909 2000
0 1611.5764756302417027 372.46788725111838403 2000
# Layered model 56304: value=0.190426
7
0.71475725878312412753 215.94015820810176365 94.34942407330342462 2000
1.963276235693637739 282.49483210984561765 100.1538148514106723 2000
1.5717747736170437634 539.38616551297866408 101.15535299992477292 2000
9.7975353106738936049 678.09633989168196422 174.84951339862408304 2000
10.377881498121636739 1009.5930483436369514 302.23168056917751301 2000
13.400666161497643003 1160.501174934974415 311.38960272210420044 2000
0 1927.6831332011258837 368.78008638724594448 2000
# Layered model 57480: value=0.191913
7
0.71475725878312412753 236.17057081333183532 90.66794204771844079 2000
1.963276235693637739 253.20681809626509562 101.15535299992477292 2000
1.7005482139485543769 358.69347636107715971 102.16690652992402022 2000
10.094410428122625234 712.68606816218334643 181.94910478915696217 2000
7.2031549348645018682 1093.244602354401195 293.34309155205852448 2000
20.525002467660840466 1183.8272485511674859 320.82501907418668452 2000
0 1473.5285514769334441 376.19256612362960368 2000
# Layered model 56226: value=0.192102
7
0.77397969056965099099 266.12291057301712272 92.490367682877590028 2000
1.9040538039071108756 299.87395672524752399 100.1538148514106723 2000
1.7005482139485543769 392.29777250406596067 101.15535299992477292 2000
9.8092353061300627814 712.68606816218334643 180.14762850411580075 2000
10.237408062333958725 741.62398040070127081 284.71591462306503217 2000
16.129250144740151285 1126.3710070503418592 327.27360195757785277 2000
0 1503.1464753616198777 368.78008638724594448 2000
# Layered model 58850: value=0.193339
7
0.75872923298661987257 187.85994128557456406 95.29291831403645574 2000
1.7391209584222973028 416.4319905489529674 100.1538148514106723 2000
1.9687410093557482504 493.18225177257750147 102.16690652992402022 2000
9.580752378003033698 861.00241780314240714 180.14762850411580075 2000
8.5089419850938465828 999.59707756795728528 279.10588630826879353 2000
17.596660200128045659 1149.0110642920537884 308.30653734861800785 2000
0 1797.9848620911097896 376.19256612362960368 2000
# Layered model 59158: value=0.193786
7
0.73641511848151164354 211.68528399970762166 96.245847497176825414 2000
0.89193321997777885723 483.46461305026713262 97.20830597214859381 2000
2.7068810758232002556 572.56928364743305337 100.1538148514106723 2000
10.137762722265451387 827.40640006100136361 178.36398861793642823 2000
11.454876465534949759 861.00241780314240714 281.89694517135148999 2000
23.556298138666040387 1082.4203983706943291 343.96784478984136513 2000
0 1307.6817714142887326 379.95449178486586561 2000
# Layered model 52249: value=0.194188
7
0.78953668235010099341 180.52971109113306625 96.245847497176825414 2000
1.5402532891306699447 268.78413967874729451 102.16690652992402022 2000
2.1368012292838947097 400.18295773139772109 103.18857559522325573 2000
10.006400935783275941 523.52289817536689043 183.76859583704853662 2000
8.0832934273136043402 1050.5865745745122695 290.43870450698864261 2000
25.472559153118179864 1307.6817714142887326 337.19031937049442149 2000
0 1908.5971615852729428 368.78008638724594448 2000
# Layered model 48554: value=0.194287
7
0.73641511848151164354 243.32677527954658103 92.490367682877590028 2000
2.1925106741831572599 258.29627513999997745 101.15535299992477292 2000
1.406303621617821964 315.1705422814876556 103.18857559522325573 2000
10.282492643630931184 727.01105813224319263 181.94910478915696217 2000
5.0054111138427792582 1009.5930483436369514 279.10588630826879353 2000
20.931342049873286726 1564.1802498786680644 314.50349874932521743 2000
0 1889.7001599854190772 376.19256612362960368 2000
# Layered model 51312: value=0.195302
7
0.82159503769561137432 209.58939009872042902 97.20830597214859381 2000
1.0877714504787399097 555.73010571418740255 98.180389031870078043 2000
2.6925668925646846219 638.79742603827605762 105.26266596468724401 2000
9.3063275883378953068 684.87730329059877477 176.59800853261032216 2000
13.342189509384425605 727.01105813224319263 290.43870450698864261 2000
8.739587138008605649 1160.501174934974415 302.23168056917751301 2000
0 1627.6922403865441993 383.75403670271452938 2000
# Layered model 41102: value=0.197221
7
0.73641511848151164354 195.48780822013344505 97.20830597214859381 2000
2.1063713998899826763 250.69981989729214433 101.15535299992477292 2000
1.6684705944008175749 478.67783470323479378 104.22046135117548715 2000
10.106464945141109268 632.47269904779807348 183.76859583704853662 2000
9.5656691073235435852 1126.3710070503418592 281.89694517135148999 2000
24.325741998912558728 1244.2143358095074746 343.96784478984136513 2000
0 1966.4295641784678992 365.12879840321380698 2000
# Layered model 56533: value=0.197776
7
0.74377926966632679218 203.4253971399818397 98.180389031870078043 2000
1.7048534049821559844 293.96525509778211926 99.162192922188779676 2000
1.8436736761262606521 321.5054701813455722 101.15535299992477292 2000
10.325415707138677845 691.72607632350479889 183.76859583704853662 2000
7.4941155696344132764 712.68606816218334643 279.10588630826879353 2000
25.917007089431891131 779.45425679630238847 327.27360195757785277 2000
0 1834.1243578191408687 407.36264283440721101 2000
# Layered model 58959: value=0.198089
7
0.70067371707001668835 215.94015820810176365 98.180389031870078043 2000
1.7724452843249509648 362.28041112468793017 100.1538148514106723 2000
1.8621104128875232142 566.90028083904257983 101.15535299992477292 2000
9.9944657704184418634 734.28116871356564843 176.59800853261032216 2000
11.341461847064307378 1360.7788951376121531 284.71591462306503217 2000
15.698463141818997713 1710.720903116043246 330.54633797715365517 2000
0 1797.9848620911097896 372.46788725111838403 2000
# Layered model 54275: value=0.199663
7
0.68686767676700000163 166.7161593522404246 98.180389031870078043 2000
1.7862513246279676515 213.80213683970470129 101.15535299992477292 2000
2.0832506825050676191 779.45425679630238847 107.37844555057746732 2000
10.20752959459252196 811.10322523380193616 180.14762850411580075 2000
12.216744759587994551 932.34224168012246992 302.23168056917751301 2000
19.635679460566660026 1231.895381989611451 337.19031937049442149 2000
0 1347.3058367699129576 372.46788725111838403 2000
# Layered model 57909: value=0.203111
7
0.72190483137095540211 170.067154155220436 97.20830597214859381 2000
1.3872236369851238535 205.45965111138164616 101.15535299992477292 2000
2.0569417875931463868 253.20681809626509562 103.18857559522325573 2000
8.0545984784991855321 869.61244198117378801 180.14762850411580075 2000
14.492840214146193389 1137.6347171208453801 260.3270993347592821 2000
22.280715547196418669 1195.665521036679138 354.39041445481836945 2000
0 1710.720903116043246 372.46788725111838403 2000
# Layered model 54634: value=0.204576
7
0.69373635353467000275 229.22482926186793861 94.34942407330342462 2000
1.8543206267215666116 412.3089015336167904 99.162192922188779676 2000
1.7442493705185069253 469.24599029824008767 101.15535299992477292 2000
10.180685785773199825 887.09165206499551459 178.36398861793642823 2000
9.2338906839960888107 1115.2188188617246851 290.43870450698864261 2000
19.773003750712717874 1693.7830723921217668 320.82501907418668452 2000
0 1762.5574572013624675 365.12879840321380698 2000
# Layered model 49270: value=0.204984
7
0.78171948747534747426 229.22482926186793861 92.490367682877590028 2000
2.0894948960798620519 274.18670088629011161 101.15535299992477292 2000
1.5511531419543600485 566.90028083904257983 102.16690652992402022 2000
9.9073276591913632672 632.47269904779807348 181.94910478915696217 2000
11.08729197546267109 844.03726870222760681 284.71591462306503217 2000
16.366329215156479648 1172.1061866843242569 327.27360195757785277 2000
0 1660.4088544183136946 372.46788725111838403 2000
# Layered model 49831: value=0.205086
7
0.79743204917360199779 224.70819455138510534 91.574621468195630314 2000
1.8278336056413786448 245.76004303234205395 102.16690652992402022 2000
1.9311040290850547407 424.8022735589869967 105.26266596468724401 2000
9.6314473306553427534 878.30856640098556909 181.94910478915696217 2000
7.2737147393183292365 904.92219427150200772 268.21527077170190978 2000
23.335838860378693482 1347.3058367699129576 320.82501907418668452 2000
0 1927.6831332011258837 383.75403670271452938 2000
# Layered model 52141: value=0.205105
7
0.74377926966632679218 213.80213683970470129 96.245847497176825414 2000
0.80553830184914865242 503.09521503320638658 98.180389031870078043 2000
2.8730499539940943521 712.68606816218334643 101.15535299992477292 2000
8.9431978917108878591 803.07250023148708351 176.59800853261032216 2000
8.5273431249061122372 895.96256858564538561 265.55967403138799909 2000
27.101315953664453673 1061.0924403202573103 327.27360195757785277 2000
0 1473.5285514769334441 376.19256612362960368 2000
# Layered model 52313: value=0.205257
7
0.81346043336199147511 197.44268630233477779 98.180389031870078043 2000
1.8645730611147703915 271.47198107553475666 100.1538148514106723 2000
1.9699192200696638011 664.73516311310845595 106.31529262433411986 2000
9.9697693433669964946 811.10322523380193616 181.94910478915696217 2000
7.0584250134990220715 1061.0924403202573103 268.21527077170190978 2000
24.47862866982242025 1195.665521036679138 333.85180135692519343 2000
0 1870.9902574113059472 368.78008638724594448 2000
# Layered model 56832: value=0.206307
7
0.79743204917360199779 165.06550430914893468 100.1538148514106723 2000
1.8806014453031598688 276.92856789515303717 102.16690652992402022 2000
1.6571959198057291118 388.41363614263957516 103.18857559522325573 2000
9.7121141644852091446 528.75812715712061163 178.36398861793642823 2000
15.756072783539982751 960.5931439452720042 299.23928769225494761 2000
10.349529401681909491 989.70007679995774197 350.88159847011718284 2000
0 1564.1802498786680644 383.75403670271452938 2000
# Layered model 53161: value=0.206478
7
0.72190483137095540211 173.4855039537403627 97.20830597214859381 2000
2.0648675618958756139 189.73854069843031311 101.15535299992477292 2000
1.6355951322427384476 787.24879936426543736 105.26266596468724401 2000
10.195354532403852588 835.68046406161136019 183.76859583704853662 2000
13.458444320495793534 1126.3710070503418592 293.34309155205852448 2000
19.952678338570510874 1388.1305509298781544 347.40752323773978105 2000
0 1430.1922947536045285 365.12879840321380698 2000
# Layered model 54628: value=0.207196
7
0.69373635353467000275 191.63592610541462591 98.180389031870078043 2000
2.2351894391299991227 238.5322765214651497 101.15535299992477292 2000
1.5376654080999965224 493.18225177257750147 107.37844555057746732 2000
9.580752378003033698 764.0959286308228684 181.94910478915696217 2000
15.756072783539982751 1137.6347171208453801 281.89694517135148999 2000
15.441927958087244832 1160.501174934974415 357.93431859936657702 2000
0 1320.7585891284315949 365.12879840321380698 2000
# Layered model 58772: value=0.207855
7
0.70067371707001668835 231.51707755448666148 93.415271359706366638 2000
1.7724452843249509648 233.83224833003146159 100.1538148514106723 2000
1.7766892666988378657 408.22663518179882658 102.16690652992402022 2000
9.658452700983126249 508.12616718353837086 180.14762850411580075 2000
10.275130196160034757 970.1990753847248925 281.89694517135148999 2000
17.186229008347272185 1019.6889788270731287 337.19031937049442149 2000
0 1611.5764756302417027 372.46788725111838403 2000
# Layered model 59462: value=0.207991
7
0.68686767676700000163 240.9175992866797742 92.490367682877590028 2000
2.2420581158976689018 312.05004186285907508 101.15535299992477292 2000
1.406303621617821964 450.93617340398304805 102.16690652992402022 2000
10.137762722265451387 632.47269904779807348 180.14762850411580075 2000
2.7691210620163939637 1183.8272485511674859 299.23928769225494761 2000
22.910832565425256035 1611.5764756302417027 308.30653734861800785 2000
0 1797.9848620911097896 372.46788725111838403 2000
# Layered model 54260: value=0.20933
7
0.88966969587944799702 199.41711316535813125 96.245847497176825414 2000
1.5589629787690348905 450.93617340398304805 98.180389031870078043 2000
1.9737348508610867981 645.1854002986588057 103.18857559522325573 2000
9.7654494890458085621 719.81292884380513897 176.59800853261032216 2000
13.888349363853837559 787.24879936426543736 296.27652246757912735 2000
20.918058117381807648 878.30856640098556909 327.27360195757785277 2000
0 1388.1305509298781544 391.46749284043909256 2000
# Layered model 53943: value=0.209437
7
0.67333366999999999525 218.09955979018278072 92.490367682877590028 2000
1.8747233102562366192 369.56224738829411081 100.1538148514106723 2000
2.0998957342901891643 503.09521503320638658 106.31529262433411986 2000
9.5398643000089524691 861.00241780314240714 181.94910478915696217 2000
12.792827023525173757 895.96256858564538561 279.10588630826879353 2000
17.373188253258458502 1137.6347171208453801 337.19031937049442149 2000
0 1533.3597195163886227 372.46788725111838403 2000
# Layered model 49757: value=0.209662
7
0.88966969587944799702 291.05470801760606037 96.245847497176825414 2000
1.869510891513454176 315.1705422814876556 98.180389031870078043 2000
1.7074106133717634748 442.0509493225987967 107.37844555057746732 2000
9.3039642141629883554 1104.1770483779453116 176.59800853261032216 2000
15.737777617060148216 1347.3058367699129576 284.71591462306503217 2000
11.451686941857978752 1416.0319750035687321 337.19031937049442149 2000
0 1488.263836991702874 376.19256612362960368 2000
# Layered model 51861: value=0.210636
7
0.70768045424071690519 205.45965111138164616 96.245847497176825414 2000
2.0241815134750278382 213.80213683970470129 100.1538148514106723 2000
1.3929600678775480027 544.78002716810840411 104.22046135117548715 2000
8.719223623254837463 803.07250023148708351 173.1183300976476005 2000
14.406404819613227275 861.00241780314240714 276.34246169135525406 2000
22.233716262287575915 1219.6983980095162678 333.85180135692519343 2000
0 1503.1464753616198777 387.59157706974167468 2000
# Layered model 48249: value=0.211051
7
0.79743204917360199779 218.09955979018278072 97.20830597214859381 2000
1.4638391438862619065 365.90321523593479469 98.180389031870078043 2000
2.1173105153654523392 455.44553513802287625 103.18857559522325573 2000
10.385317570067240212 658.15362684466185783 180.14762850411580075 2000
13.876598044122681941 698.64333708673984802 305.25399737486930007 2000
20.35372717317578406 951.08232073789292826 333.85180135692519343 2000
0 1244.2143358095074746 383.75403670271452938 2000
# Layered model 58068: value=0.211429
7
0.75121706236299001791 178.74228820904264126 97.20830597214859381 2000
1.6018708088325888106 274.18670088629011161 100.1538148514106723 2000
2.2032818127044566658 734.28116871356564843 106.31529262433411986 2000
9.7733255008008974585 811.10322523380193616 180.14762850411580075 2000
13.46848934837749745 852.47764138925003863 293.34309155205852448 2000
18.356591208156434192 1333.9661750197158199 333.85180135692519343 2000
0 1402.0118564391768814 372.46788725111838403 2000
# Layered model 43547: value=0.211447
7
0.69373635353467000275 222.48336094196545787 92.490367682877590028 2000
1.9055365720247170458 229.22482926186793861 100.1538148514106723 2000
1.7793087828659293059 469.24599029824008767 101.15535299992477292 2000
9.6687618703423829913 691.72607632350479889 180.14762850411580075 2000
10.622133748890531635 1126.3710070503418592 279.10588630826879353 2000
17.113839047661851822 1137.6347171208453801 327.27360195757785277 2000
0 1548.6933167115525976 376.19256612362960368 2000
# Layered model 49000: value=0.211485
7
0.78171948747534747426 220.28055538808459346 95.29291831403645574 2000
1.146740665580747276 376.99044856079888177 99.162192922188779676 2000
2.4939073724534748244 561.28740677132930159 103.18857559522325573 2000
9.2118457565970199852 1009.5930483436369514 173.1183300976476005 2000
10.072669538437441616 1071.7033647234597993 276.34246169135525406 2000
25.287341675246992168 1126.3710070503418592 327.27360195757785277 2000
0 1548.6933167115525976 379.95449178486586561 2000
# Layered model 56785: value=0.211663
7
0.68686767676700000163 334.55988150764369493 95.29291831403645574 2000
1.9911658177097617539 424.8022735589869967 98.180389031870078043 2000
2.0163987472151276847 561.28740677132930159 107.37844555057746732 2000
9.7785598948560519261 803.07250023148708351 178.36398861793642823 2000
10.196485191110289392 811.10322523380193616 290.43870450698864261 2000
20.127893286594169098 1207.6221762470458998 333.85180135692519343 2000
0 1548.6933167115525976 379.95449178486586561 2000
# Layered model 50069: value=0.212138
7
0.72190483137095540211 224.70819455138510534 95.29291831403645574 2000
1.7267278432775272634 296.904907648759945 100.1538148514106723 2000
1.8011755934453228534 362.28041112468793017 101.15535299992477292 2000
10.514091010398750825 691.72607632350479889 181.94910478915696217 2000
13.876598044122681941 835.68046406161136019 302.23168056917751301 2000
20.843669418133693227 1320.7585891284315949 330.54633797715365517 2000
0 1360.7788951376121531 387.59157706974167468 2000
# Layered model 46333: value=0.212393
7
0.68006700669999997633 285.31978043094409259 92.490367682877590028 2000
2.1067053865668312618 308.96043748797927719 98.180389031870078043 2000
1.7244847195054808786 416.4319905489529674 104.22046135117548715 2000
9.9617350237756312481 861.00241780314240714 181.94910478915696217 2000
13.60317424186127333 1019.6889788270731287 281.89694517135148999 2000
13.293453795175022236 1281.915274398871361 337.19031937049442149 2000
0 1503.1464753616198777 372.46788725111838403 2000
# Layered model 55491: value=0.212465
7
0.75872923298661987257 226.95527649689896066 96.245847497176825414 2000
1.689903441661862793 355.14205580304667365 100.1538148514106723 2000
1.7590982838602355898 464.5999903942971514 101.15535299992477292 2000
8.7647551569278938643 508.12616718353837086 171.40428722539365936 2000
11.696991212221620415 861.00241780314240714 287.56307376929566999 2000
15.884997893971256389 1762.5574572013624675 314.50349874932521743 2000
0 1870.9902574113059472 376.19256612362960368 2000
# Layered model 56377: value=0.213628
7
0.68686767676700000163 260.87923789139995279 91.574621468195630314 2000
2.1559188416044943182 424.8022735589869967 98.180389031870078043 2000
1.7135831655285409525 550.22782743978950748 106.31529262433411986 2000
9.9166224526479069823 719.81292884380513897 180.14762850411580075 2000
13.60317424186127333 1082.4203983706943291 287.56307376929566999 2000
11.679225467125032623 1473.5285514769334441 337.19031937049442149 2000
0 1488.263836991702874 368.78008638724594448 2000
# Layered model 53283: value=0.214992
7
0.69373635353467000275 163.43119238529598647 92.490367682877590028 2000
2.2351894391299991227 450.93617340398304805 103.18857559522325573 2000
1.5823313201076429912 811.10322523380193616 104.22046135117548715 2000
9.9617350237756312481 1294.7344271428601132 176.59800853261032216 2000
15.330424225759740509 1430.1922947536045285 293.34309155205852448 2000
18.225428354672043696 1444.494217701140542 324.03326926492854909 2000
0 1908.5971615852729428 376.19256612362960368 2000
# Layered model 57664: value=0.215047
7
0.73641511848151164354 201.41128429701171854 96.245847497176825414 2000
1.5703076255588555021 302.87269629249999525 101.15535299992477292 2000
2.0285066702421237217 408.22663518179882658 102.16690652992402022 2000
9.2989838678240985814 544.78002716810840411 178.36398861793642823 2000
10.309738366642882568 1093.244602354401195 270.89742347941893286 2000
23.609359952220554391 1172.1061866843242569 347.40752323773978105 2000
0 1946.9599645331365991 365.12879840321380698 2000
# Layered model 49746: value=0.21519
7
0.68006700669999997633 263.4880302703139705 93.415271359706366638 2000
2.0517949610157448781 396.2207502291066703 99.162192922188779676 2000
1.9160907468306809243 601.77607149200957792 107.37844555057746732 2000
9.8250394220015166979 749.04022020470824827 181.94910478915696217 2000
13.883935905645364173 1071.7033647234597993 284.71591462306503217 2000
21.127238698555625973 1137.6347171208453801 343.96784478984136513 2000
0 1333.9661750197158199 372.46788725111838403 2000
# Layered model 53820: value=0.215648
7
0.74377926966632679218 215.94015820810176365 98.180389031870078043 2000
2.0990072487051678607 285.31978043094409259 100.1538148514106723 2000
1.5357951900538218126 459.99999048940310331 105.26266596468724401 2000
9.8092353061300627814 749.04022020470824827 180.14762850411580075 2000
11.740051587527513988 1137.6347171208453801 279.10588630826879353 2000
22.581264562066632351 1374.3866840889882042 337.19031937049442149 2000
0 1966.4295641784678992 379.95449178486586561 2000
# Layered model 59922: value=0.216612
7
0.68006700669999997633 285.31978043094409259 92.490367682877590028 2000
1.3670323054001332075 433.34079925752257623 99.162192922188779676 2000
2.2881301021823579056 979.90106613857187767 100.1538148514106723 2000
9.0303360029379664553 1160.501174934974415 174.84951339862408304 2000
8.5273431249061122372 1360.7788951376121531 268.21527077170190978 2000
25.189578191507116856 1834.1243578191408687 311.38960272210420044 2000
0 1870.9902574113059472 376.19256612362960368 2000
# Layered model 58611: value=0.217394
7
0.75872923298661987257 213.80213683970470129 97.20830597214859381 2000
1.2480341354087660655 523.52289817536689043 99.162192922188779676 2000
2.2430448996984195809 632.47269904779807348 100.1538148514106723 2000
10.367913789819617421 869.61244198117378801 178.36398861793642823 2000
8.3919448457817402698 960.5931439452720042 284.71591462306503217 2000
26.474499837053770079 1183.8272485511674859 330.54633797715365517 2000
0 1548.6933167115525976 372.46788725111838403 2000
# Layered model 53861: value=0.217552
7
0.69373635353467000275 220.28055538808459346 91.574621468195630314 2000
1.2156301346396811702 266.12291057301712272 100.1538148514106723 2000
2.5130010373352185127 400.18295773139772109 102.16690652992402022 2000
8.9431978917108878591 835.68046406161136019 178.36398861793642823 2000
11.550606683714358169 1104.1770483779453116 265.55967403138799909 2000
16.043847872910966146 1172.1061866843242569 327.27360195757785277 2000
0 1745.106393268675447 376.19256612362960368 2000
# Layered model 46315: value=0.217854
7
0.70067371707001668835 178.74228820904264126 98.180389031870078043 2000
1.6291162544107540278 180.52971109113306625 99.162192922188779676 2000
1.8779409870279475392 508.12616718353837086 103.18857559522325573 2000
10.265261178039224887 844.03726870222760681 181.94910478915696217 2000
13.883935905645364173 941.66566409692381967 296.27652246757912735 2000
19.19638355877671998 1402.0118564391768814 333.85180135692519343 2000
0 1745.106393268675447 372.46788725111838403 2000
# Layered model 55750: value=0.219823
7
0.86350464173037588811 250.69981989729214433 96.245847497176825414 2000
1.895675945662526285 288.17297823525353806 99.162192922188779676 2000
1.4906276807009035679 503.09521503320638658 102.16690652992402022 2000
10.223183868454135848 550.22782743978950748 180.14762850411580075 2000
3.2915743340460945632 749.04022020470824827 287.56307376929566999 2000
24.858594563869981897 1126.3710070503418592 314.50349874932521743 2000
0 1488.263836991702874 391.46749284043909256 2000
# Layered model 53999: value=0.220846
7
0.72190483137095540211 248.21764346266547818 92.490367682877590028 2000
1.9829089980505738566 276.92856789515303717 101.15535299992477292 2000
1.8971195513175063141 392.29777250406596067 103.18857559522325573 2000
9.8710587558089066818 712.68606816218334643 183.76859583704853662 2000
9.4709595122015297619 960.5931439452720042 284.71591462306503217 2000
18.679209385714546698 1244.2143358095074746 324.03326926492854909 2000
0 1347.3058367699129576 372.46788725111838403 2000
# Layered model 58998: value=0.221232
7
0.70067371707001668835 334.55988150764369493 93.415271359706366638 2000
1.8728638329887821179 362.28041112468793017 98.180389031870078043 2000
1.9828321338412364661 380.76035304640686263 106.31529262433411986 2000
9.3518912851768956074 878.30856640098556909 178.36398861793642823 2000
12.278886319026788954 1207.6221762470458998 276.34246169135525406 2000
15.182472885480517988 1281.915274398871361 337.19031937049442149 2000
0 1611.5764756302417027 376.19256612362960368 2000
# Layered model 59023: value=0.221466
7
0.68006700669999997633 201.41128429701171854 95.29291831403645574 2000
1.2292994814743511967 424.8022735589869967 97.20830597214859381 2000
2.5130010373352185127 566.90028083904257983 103.18857559522325573 2000
9.6249760532581305483 678.09633989168196422 178.36398861793642823 2000
14.028822799641515573 923.11113037635902856 287.56307376929566999 2000
21.408000362339716816 1082.4203983706943291 333.85180135692519343 2000
0 1281.915274398871361 387.59157706974167468 2000
# Layered model 46785: value=0.221716
7
0.75121706236299001791 195.48780822013344505 92.490367682877590028 2000
2.1199973211922196192 312.05004186285907508 103.18857559522325573 2000
1.7307189971838261577 941.66566409692381967 104.22046135117548715 2000
9.7277618039618971579 1183.8272485511674859 181.94910478915696217 2000
10.835638637243230065 1219.6983980095162678 268.21527077170190978 2000
22.387977779025863612 1347.3058367699129576 337.19031937049442149 2000
0 1416.0319750035687321 376.19256612362960368 2000
# Layered model 55984: value=0.222167
7
0.68686767676700000163 165.06550430914893468 96.245847497176825414 2000
2.1559188416044943182 191.63592610541462591 102.16690652992402022 2000
1.6684705944008175749 478.67783470323479378 111.73844102749757212 2000
9.5360864659953890055 803.07250023148708351 183.76859583704853662 2000
14.879558717073690488 1029.8858686153439521 290.43870450698864261 2000
10.434871808647965707 1388.1305509298781544 340.56222256419937366 2000
0 1852.4656013973324207 376.19256612362960368 2000
# Layered model 58197: value=0.222272
7
0.79743204917360199779 203.4253971399818397 94.34942407330342462 2000
2.1024944782171592905 229.22482926186793861 102.16690652992402022 2000
1.656443156509273873 1019.6889788270731287 104.22046135117548715 2000
10.061352374013386779 1082.4203983706943291 185.60628179541902227 2000
8.3919448457817402698 1269.2230439592785842 262.93037032810690334 2000
23.145108837539702051 1333.9661750197158199 333.85180135692519343 2000
0 1503.1464753616198777 368.78008638724594448 2000
# Layered model 59137: value=0.22278
7
0.78171948747534747426 220.28055538808459346 92.490367682877590028 2000
2.2060777136218812089 229.22482926186793861 101.15535299992477292 2000
1.5234599116750833225 420.5963104544425164 103.18857559522325573 2000
10.400281158505169543 1009.5930483436369514 185.60628179541902227 2000
9.0324133774719896905 1050.5865745745122695 299.23928769225494761 2000
19.535934922507276923 1126.3710070503418592 311.38960272210420044 2000
0 1643.9691627904096549 379.95449178486586561 2000
# Layered model 54853: value=0.223056
7
0.70768045424071690519 285.31978043094409259 93.415271359706366638 2000
1.7167083325399592475 299.87395672524752399 99.162192922188779676 2000
2.0422024139839893841 348.14435428197884903 104.22046135117548715 2000
9.0326298706279963824 844.03726870222760681 178.36398861793642823 2000
16.903243959797400464 1071.7033647234597993 284.71591462306503217 2000
10.557554942655716701 1137.6347171208453801 343.96784478984136513 2000
0 1762.5574572013624675 376.19256612362960368 2000
# Layered model 54633: value=0.223688
7
0.67333366999999999525 250.69981989729214433 93.415271359706366638 2000
2.0585282977157448592 488.29925918076975222 100.1538148514106723 2000
1.5179463003780608865 852.47764138925003863 101.15535299992477292 2000
10.223183868454135848 989.70007679995774197 174.84951339862408304 2000
7.4199164055786273053 1244.2143358095074746 284.71591462306503217 2000
25.189578191507116856 1627.6922403865441993 320.82501907418668452 2000
0 1762.5574572013624675 379.95449178486586561 2000
# Layered model 54239: value=0.223946
7
0.71475725878312412753 258.29627513999997745 95.29291831403645574 2000
1.6618614911244102839 433.34079925752257623 98.180389031870078043 2000
2.460059483139861225 572.56928364743305337 107.37844555057746732 2000
9.2106653457203044866 678.09633989168196422 180.14762850411580075 2000
6.5767665991987573904 698.64333708673984802 270.89742347941893286 2000
19.930365043663030633 989.70007679995774197 324.03326926492854909 2000
0 1611.5764756302417027 376.19256612362960368 2000
# Layered model 58849: value=0.224333
7
0.70768045424071690519 171.76782569677263268 95.29291831403645574 2000
1.8403765260155195982 240.9175992866797742 101.15535299992477292 2000
1.8743105452533330713 645.1854002986588057 105.26266596468724401 2000
9.4858934435673614161 756.53062240675535577 181.94910478915696217 2000
7.1303938234666510709 970.1990753847248925 262.93037032810690334 2000
20.33096538104065587 1269.2230439592785842 317.6485337368184787 2000
0 1518.177940115236197 379.95449178486586561 2000
# Layered model 49924: value=0.224433
7
0.74377926966632679218 193.55228536646876591 95.29291831403645574 2000
1.7790494236566798403 229.22482926186793861 101.15535299992477292 2000
2.2185478707858017344 727.01105813224319263 109.53675230614408065 2000
9.7316155724391339987 923.11113037635902856 183.76859583704853662 2000
7.8599638672753702195 1040.1847273014973325 273.60639771421313071 2000
26.17617716032621189 1061.0924403202573103 324.03326926492854909 2000
0 1402.0118564391768814 376.19256612362960368 2000
# Layered model 42232: value=0.224823
7
0.68006700669999997633 175.2203589932777561 97.20830597214859381 2000
2.1627195116714945655 189.73854069843031311 102.16690652992402022 2000
1.6684705944008175749 678.09633989168196422 105.26266596468724401 2000
9.9617350237756312481 878.30856640098556909 185.60628179541902227 2000
12.240516812046662309 904.92219427150200772 281.89694517135148999 2000
19.441266792640259808 1402.0118564391768814 333.85180135692519343 2000
0 1533.3597195163886227 372.46788725111838403 2000
# Layered model 54459: value=0.224827
7
0.82159503769561137432 199.41711316535813125 95.29291831403645574 2000
1.1652993864582361638 334.55988150764369493 99.162192922188779676 2000
2.4796967766108179987 513.20742885537379152 101.15535299992477292 2000
10.297308077727890918 795.12128735790793144 181.94910478915696217 2000
13.593028763700749195 819.2142574861400135 296.27652246757912735 2000
18.725558691440379988 951.08232073789292826 333.85180135692519343 2000
0 1207.6221762470458998 391.46749284043909256 2000
# Layered model 59899: value=0.225293
7
0.84649018893282612641 195.48780822013344505 96.245847497176825414 2000
0.68748760464685243488 539.38616551297866408 98.180389031870078043 2000
2.9772793191926334444 566.90028083904257983 103.18857559522325573 2000
9.2592983021553436629 595.81789256634613139 176.59800853261032216 2000
14.586372627265651758 787.24879936426543736 293.34309155205852448 2000
7.6331095742766557066 869.61244198117378801 308.30653734861800785 2000
0 1727.828112147203683 372.46788725111838403 2000
# Layered model 41135: value=0.225622
7
0.74377926966632679218 211.68528399970762166 97.20830597214859381 2000
2.2440179314309016689 243.32677527954658103 99.162192922188779676 2000
1.0961850123614769181 578.29497648390736231 103.18857559522325573 2000
9.9633613653089945217 913.97141621421690161 173.1183300976476005 2000
16.355121452422366701 1040.1847273014973325 296.27652246757912735 2000
18.591759464600958296 1360.7788951376121531 333.85180135692519343 2000
0 1518.177940115236197 383.75403670271452938 2000
# Layered model 59747: value=0.225658
7
0.68006700669999997633 197.44268630233477779 97.20830597214859381 2000
1.893470543358799052 344.69738047720676377 100.1538148514106723 2000
1.6341934084499194491 671.38251474423952914 101.15535299992477292 2000
9.9800860560466588822 904.92219427150200772 176.59800853261032216 2000
10.481660313102853621 1126.3710070503418592 279.10588630826879353 2000
15.085914517876016561 1430.1922947536045285 324.03326926492854909 2000
0 1986.0938598202526464 368.78008638724594448 2000
# Layered model 52029: value=0.226619
7
0.74377926966632679218 334.55988150764369493 95.29291831403645574 2000
1.9880826980494179512 416.4319905489529674 99.162192922188779676 2000
2.0095145963930636235 584.07792624874639387 105.26266596468724401 2000
9.5883186205921244749 638.79742603827605762 181.94910478915696217 2000
11.341461847064307378 1019.6889788270731287 276.34246169135525406 2000
16.952004002698778606 1040.1847273014973325 337.19031937049442149 2000
0 1548.6933167115525976 376.19256612362960368 2000
# Layered model 58573: value=0.227842
7
0.83810909795329313621 182.33500820204440629 99.162192922188779676 2000
1.3566584438232012211 268.78413967874729451 101.15535299992477292 2000
2.4071658389625412156 705.62977045760726469 106.31529262433411986 2000
10.015788677174386478 835.68046406161136019 178.36398861793642823 2000
11.569425230190297782 951.08232073789292826 287.56307376929566999 2000
19.510650475495157963 1207.6221762470458998 337.19031937049442149 2000
0 1402.0118564391768814 376.19256612362960368 2000
# Layered model 55791: value=0.22827
7
0.78171948747534747426 245.76004303234205395 94.34942407330342462 2000
1.6669131871731353023 341.28453512594728636 100.1538148514106723 2000
1.8436736761262606521 392.29777250406596067 102.16690652992402022 2000
10.471592927717814803 734.28116871356564843 180.14762850411580075 2000
13.312267099916658353 1195.665521036679138 305.25399737486930007 2000
20.918058117381807648 1294.7344271428601132 324.03326926492854909 2000
0 1388.1305509298781544 383.75403670271452938 2000
# Layered model 31667: value=0.228289
7
0.76631652531648608573 166.7161593522404246 97.20830597214859381 2000
0.72254720827173568587 168.38332094576281861 99.162192922188779676 2000
2.8897179748370946939 302.87269629249999525 106.31529262433411986 2000
5.8381089445670868443 327.96773013199066327 180.14762850411580075 2000
9.0197892722661041631 1281.915274398871361 242.81178567906783883 2000
27.846006808375179276 1388.1305509298781544 347.40752323773978105 2000
0 1870.9902574113059472 372.46788725111838403 2000
# Layered model 44441: value=0.228745
7
0.81346043336199147511 376.99044856079888177 96.245847497176825414 2000
1.4704234716284709794 518.33950314392757264 97.20830597214859381 2000
2.2724857789095729288 698.64333708673984802 104.22046135117548715 2000
10.061352374013386779 861.00241780314240714 178.36398861793642823 2000
15.185694304394260712 1029.8858686153439521 287.56307376929566999 2000
9.5583577421816734443 1137.6347171208453801 317.6485337368184787 2000
0 1548.6933167115525976 379.95449178486586561 2000
# Layered model 53205: value=0.229735
7
0.82159503769561137432 240.9175992866797742 96.245847497176825414 2000
1.5081949337851594528 263.4880302703139705 100.1538148514106723 2000
2.0487917369445454163 384.56795657687092671 101.15535299992477292 2000
10.385317570067240212 473.93845020122256528 180.14762850411580075 2000
4.4725806467659499077 658.15362684466185783 311.38960272210420044 2000
19.349711727020050489 779.45425679630238847 333.85180135692519343 2000
0 1195.665521036679138 391.46749284043909256 2000
# Layered model 49810: value=0.230183
7
0.68006700669999997633 218.09955979018278072 92.490367682877590028 2000
1.9192059188593870722 291.05470801760606037 100.1538148514106723 2000
1.8230945999501826371 429.0502962945768104 102.16690652992402022 2000
9.2118457565970199852 749.04022020470824827 180.14762850411580075 2000
10.791011794782747302 819.2142574861400135 262.93037032810690334 2000
19.054661494367412189 1149.0110642920537884 337.19031937049442149 2000
0 1333.9661750197158199 379.95449178486586561 2000
