# 150000 Reports/MM_Tar0_LN4_Sd0.report
# Layered model 149641: value=1.08851
# 2 Rayleigh dispersion mode(s)
# CPU Time = 1 ms
# Mode 0
0.1 0.000334532972901842
0.113945443811362 0.000335226291443327
0.129835641653683 0.000336037660851373
0.147941798107619 0.000336994314641523
0.168572938436235 0.000338134242914131
0.192081182847023 0.000339513758744176
0.218867756273154 0.000341223452907967
0.249389836245415 0.000343426200016324
0.284168355730268 0.000346464141969584
0.323796894108304 0.000351239775681184
0.368951808039113 0.000361209792316038
0.420403775120212 0.000400287595308229
0.479030947360446 0.000533371407680133
0.545833938963633 0.000672011112621516
0.621952904225151 0.000788389097742954
0.708686997017004 0.000901813235733891
0.80751654398444 0.00105914717387029
0.920128309893243 0.00145359963584494
1.04844428634184 0.00177387750838765
1.19465449518708 0.00192028234829421
1.3612543665533 0.00200179278496187
1.55108732937071 0.0020554899846364
1.76739334135326 0.00210214483240086
2.01386418669743 0.00217329649084563
2.29470648529046 0.00239314620824013
2.61471348883233 0.00279706336102859
2.97934688924555 0.0032199202348204
3.39483003563085 0.00368931311376499
3.86825415074099 0.00440334281234867
4.40769935981326 0.00559517917851921
5.02237259740979 0.0066136526480237
5.72276474597882 0.00731319994955159
6.52082968808573 0.0078241715652436
7.43018832827235 0.00820566566830051
8.46636106666995 0.00848284624742967
9.64703269208945 0.0086765284000015
10.9923542156285 0.00880808273395922
12.5252867963149 0.00889648438031673
14.2719936287069 0.00895658946295113
16.2622864809594 0.00899914652538521
18.5301345046044 0.00903144891528269
21.1142440001138 0.00905805242680911
24.0587190333435 0.00908142663067402
27.4138141778719 0.0091025678647746
31.2367922305983 0.00912158679558548
35.5929015395883 0.00913821201749972
40.556489624625 0.00915214225635841
46.212272097088 0.00916323676034026
52.6567785363412 0.00917158065665042
60 0.00917746839997367
