# Curve name:example.csv
# Begin curve log
# 20 samples loaded from file D:/CurrentResearch/swprepost/examples/adv/example.csv
# End curve log
# | Frequency (Hz) | Slowness (s/m) | Stddev (s/m) | Weight | 
2.16050231927867 0.0030857021569375 0.000154671787315163 1 
2.61034972154888 0.00320551253883034 0.000160677320242122 1 
3.11621643957974 0.00337020250000455 0.000168932456140579 1 
3.67328174244509 0.00358853185257171 0.000179876283336928 1 
4.2670609743952 0.00387730202364109 0.000194350978628626 1 
4.85547181393334 0.00427675604727284 0.000214373736705406 1 
5.45102818673667 0.00478139829901467 0.000239669087669908 1 
6.1142901484444 0.00535025820122315 0.000268183368482363 1 
6.94461553591837 0.00591234832744909 0.000296358312152837 1 
7.98360345779857 0.00645500670312181 0.000323559233239189 1 
9.10592753615596 0.0071032794433502 0.0003560541074361 1 
10.2823729493017 0.00789545518881195 0.00039576216485273 1 
11.6032513372488 0.00878169319948292 0.000440185122781099 1 
13.3502224157077 0.00957980995736893 0.000480190975306713 1 
15.7996231028244 0.0101598220823355 0.00050926426477872 1 
19.1799897546305 0.0105044155478074 0.000526537120190848 1 
23.6933885510601 0.0106728528827976 0.000534980094375819 1 
29.551667940323 0.0107402189843617 0.000538356841321387 1 
37.0175003411545 0.0107615661692385 0.000539426875651051 1 
46.4399547995138 0.0107665910132461 0.000539678747531132 1 
