# Curve name:example.csv
# Begin curve log
# 20 samples loaded from file D:/CurrentResearch/swprepost/examples/adv/example.csv
# 
# End curve log
# | Frequency (Hz) | Slowness (s/m) | Stddev | Weight | 
2.160502319278673 0.0030857021569374965 1.0513157894736842 1 1
2.610349721548881 0.003205512538830335 1.051315789473684 1 1
3.1162164395797367 0.003370202500004546 1.0513157894736844 1 1
3.673281742445095 0.003588531852571707 1.0513157894736842 1 1
4.267060974395197 0.003877302023641094 1.0513157894736842 1 1
4.855471813933343 0.0042767560472728415 1.0513157894736842 1 1
5.451028186736671 0.0047813982990146655 1.0513157894736842 1 1
6.114290148444398 0.005350258201223147 1.0513157894736842 1 1
6.944615535918371 0.005912348327449092 1.0513157894736842 1 1
7.9836034577985675 0.006455006703121814 1.051315789473684 1 1
9.105927536155956 0.0071032794433501965 1.0513157894736844 1 1
10.282372949301744 0.007895455188811953 1.0513157894736842 1 1
11.603251337248825 0.008781693199482923 1.0513157894736842 1 1
13.350222415707714 0.009579809957368929 1.0513157894736842 1 1
15.799623102824407 0.010159822082335472 1.0513157894736842 1 1
19.179989754630533 0.010504415547807408 1.0513157894736842 1 1
23.693388551060142 0.010672852882797587 1.0513157894736842 1 1
29.551667940322993 0.010740218984361663 1.0513157894736842 1 1
37.017500341154516 0.010761566169238459 1.0513157894736844 1 1
46.43995479951383 0.010766591013246085 1.0513157894736842 1 1
